0: [2572, 4, 18, 10, 16, 8, 19, 1, 5, 11, 12, 15, 7, 17, 3, 9, 13, 0, 2, 6]
1: [2296, 4, 18, 10, 16, 8, 19, 1, 5, 11, 12, 15, 7, 17, 3, 9, 13, 0, 2, 6]
2: [5666, 4, 18, 10, 16, 8, 19, 1, 5, 11, 12, 15, 7, 17, 3, 9, 13, 0, 2, 6]
3: [3768, 4, 18, 10, 16, 8, 19, 1, 5, 11, 12, 15, 7, 17, 3, 9, 13, 0, 2, 6]
4: [1640, 4, 18, 10, 16, 8, 19, 1, 5, 11, 12, 15, 7, 17, 3, 9, 13, 0, 2, 6]
5: [1640, 4, 18, 10, 16, 8, 19, 1, 5, 11, 12, 15, 7, 17, 3, 9, 13, 0, 2, 6]
6: [3584, 4, 18, 10, 16, 8, 19, 1, 5, 11, 12, 15, 7, 17, 3, 9, 13, 0, 2, 6]
7: [5330, 4, 18, 10, 16, 8, 19, 1, 5, 11, 12, 15, 7, 17, 3, 9, 13, 0, 2, 6]
8: [5723, 4, 18, 10, 16, 8, 19, 1, 5, 11, 12, 15, 7, 17, 3, 9, 13, 0, 2, 6]
9: [4176, 4, 18, 10, 16, 8, 19, 1, 5, 11, 12, 15, 7, 17, 3, 9, 13, 0, 2, 6]
10: [2992, 4, 18, 10, 16, 8, 19, 1, 5, 11, 12, 15, 7, 17, 3, 9, 13, 0, 2, 6]
11: [3347, 4, 18, 10, 16, 8, 19, 1, 5, 11, 12, 15, 7, 17, 3, 9, 13, 0, 2, 6]
12: [2324, 4, 18, 10, 16, 8, 19, 1, 5, 11, 12, 15, 7, 17, 3, 9, 13, 0, 2, 6]
13: [4880, 4, 18, 10, 16, 8, 19, 1, 5, 11, 12, 15, 7, 17, 3, 9, 13, 0, 2, 6]
14: [1469, 4, 18, 10, 16, 8, 19, 1, 5, 11, 12, 15, 7, 17, 3, 9, 13, 0, 2, 6]
15: [5175, 4, 18, 10, 16, 8, 19, 1, 5, 11, 12, 15, 7, 17, 3, 9, 13, 0, 2, 6]
16: [2959, 4, 18, 10, 16, 8, 19, 1, 5, 11, 12, 15, 7, 17, 3, 9, 13, 0, 2, 6]
17: [5220, 4, 18, 10, 16, 8, 19, 1, 5, 11, 12, 15, 7, 17, 3, 9, 13, 0, 2, 6]
18: [5375, 4, 18, 10, 16, 8, 19, 1, 5, 11, 12, 15, 7, 17, 3, 9, 13, 0, 2, 6]
19: [1534, 4, 18, 10, 16, 8, 19, 1, 5, 11, 12, 15, 7, 17, 3, 9, 13, 0, 2, 6]
20: [1719, 4, 18, 10, 16, 8, 19, 1, 5, 11, 12, 15, 7, 17, 3, 9, 13, 0, 2, 6]
21: [4880, 4, 18, 10, 16, 8, 19, 1, 5, 11, 12, 15, 7, 17, 3, 9, 13, 0, 2, 6]
22: [1276, 4, 18, 10, 16, 8, 19, 1, 5, 11, 12, 15, 7, 17, 3, 9, 13, 0, 2, 6]
23: [1008, 4, 18, 10, 16, 8, 19, 1, 5, 11, 12, 15, 7, 17, 3, 9, 13, 0, 2, 6]
24: [5670, 4, 18, 10, 16, 8, 19, 1, 5, 11, 12, 15, 7, 17, 3, 9, 13, 0, 2, 6]
25: [2912, 4, 18, 10, 16, 8, 19, 1, 5, 11, 12, 15, 7, 17, 3, 9, 13, 0, 2, 6]
26: [5617, 4, 18, 10, 16, 8, 19, 1, 5, 11, 12, 15, 7, 17, 3, 9, 13, 0, 2, 6]
27: [5615, 4, 18, 10, 16, 8, 19, 1, 5, 11, 12, 15, 7, 17, 3, 9, 13, 0, 2, 6]
28: [4984, 4, 18, 10, 16, 8, 19, 1, 5, 11, 12, 15, 7, 17, 3, 9, 13, 0, 2, 6]
29: [3953, 4, 18, 10, 16, 8, 19, 1, 5, 11, 12, 15, 7, 17, 3, 9, 13, 0, 2, 6]
30: [2912, 4, 18, 10, 16, 8, 19, 1, 5, 11, 12, 15, 7, 17, 3, 9, 13, 0, 2, 6]
31: [3584, 4, 18, 10, 16, 8, 19, 1, 5, 11, 12, 15, 7, 17, 3, 9, 13, 0, 2, 6]
32: [5714, 4, 18, 10, 16, 8, 19, 1, 5, 11, 12, 15, 7, 17, 3, 9, 13, 0, 2, 6]
33: [3510, 4, 18, 10, 16, 8, 19, 1, 5, 11, 12, 15, 7, 17, 3, 9, 13, 0, 2, 6]
34: [3500, 4, 18, 10, 16, 8, 19, 1, 5, 11, 12, 15, 7, 17, 3, 9, 13, 0, 2, 6]
35: [3859, 4, 18, 10, 16, 8, 19, 1, 5, 11, 12, 15, 7, 17, 3, 9, 13, 0, 2, 6]
36: [4764, 4, 18, 10, 16, 8, 19, 1, 5, 11, 12, 15, 7, 17, 3, 9, 13, 0, 2, 6]
37: [435, 4, 18, 10, 16, 8, 19, 1, 5, 11, 12, 15, 7, 17, 3, 9, 13, 0, 2, 6]
38: [4739, 4, 18, 10, 16, 8, 19, 1, 5, 11, 12, 15, 7, 17, 3, 9, 13, 0, 2, 6]
39: [2064, 4, 18, 10, 16, 8, 19, 1, 5, 11, 12, 15, 7, 17, 3, 9, 13, 0, 2, 6]
40: [2732, 4, 18, 10, 16, 8, 19, 1, 5, 11, 12, 15, 7, 17, 3, 9, 13, 0, 2, 6]
41: [2421, 4, 18, 10, 16, 8, 19, 1, 5, 11, 12, 15, 7, 17, 3, 9, 13, 0, 2, 6]
42: [2214, 4, 18, 10, 16, 8, 19, 1, 5, 11, 12, 15, 7, 17, 3, 9, 13, 0, 2, 6]
43: [4880, 4, 18, 10, 16, 8, 19, 1, 5, 11, 12, 15, 7, 17, 3, 9, 13, 0, 2, 6]
44: [4236, 4, 18, 10, 16, 8, 19, 1, 5, 11, 12, 15, 7, 17, 3, 9, 13, 0, 2, 6]
45: [3280, 4, 18, 10, 16, 8, 19, 1, 5, 11, 12, 15, 7, 17, 3, 9, 13, 0, 2, 6]
46: [4320, 4, 18, 10, 16, 8, 19, 1, 5, 11, 12, 15, 7, 17, 3, 9, 13, 0, 2, 6]
47: [5608, 4, 18, 10, 16, 8, 19, 1, 5, 11, 12, 15, 7, 17, 3, 9, 13, 0, 2, 6]
48: [4764, 4, 18, 10, 16, 8, 19, 1, 5, 11, 12, 15, 7, 17, 3, 9, 13, 0, 2, 6]
49: [2160, 4, 18, 10, 16, 8, 19, 1, 5, 11, 12, 15, 7, 17, 3, 9, 13, 0, 2, 6]
50: [5080, 4, 18, 10, 16, 8, 19, 1, 5, 11, 12, 15, 7, 17, 3, 9, 13, 0, 2, 6]
51: [1501, 4, 18, 10, 16, 8, 19, 1, 5, 11, 12, 15, 7, 17, 3, 9, 13, 0, 2, 6]
52: [4350, 4, 18, 10, 16, 8, 19, 1, 5, 11, 12, 15, 7, 17, 3, 9, 13, 0, 2, 6]
53: [2107, 4, 18, 10, 16, 8, 19, 1, 5, 11, 12, 15, 7, 17, 3, 9, 13, 0, 2, 6]
54: [5108, 4, 18, 10, 16, 8, 19, 1, 5, 11, 12, 15, 7, 17, 3, 9, 13, 0, 2, 6]
55: [588, 4, 18, 10, 16, 8, 19, 1, 5, 11, 12, 15, 7, 17, 3, 9, 13, 0, 2, 6]
56: [1321, 4, 18, 10, 16, 8, 19, 1, 5, 11, 12, 15, 7, 17, 3, 9, 13, 0, 2, 6]
57: [4764, 4, 18, 10, 16, 8, 19, 1, 5, 11, 12, 15, 7, 17, 3, 9, 13, 0, 2, 6]
58: [5072, 4, 18, 10, 16, 8, 19, 1, 5, 11, 12, 15, 7, 17, 3, 9, 13, 0, 2, 6]
59: [2107, 4, 18, 10, 16, 8, 19, 1, 5, 11, 12, 15, 7, 17, 3, 9, 13, 0, 2, 6]
60: [3428, 4, 18, 10, 16, 8, 19, 1, 5, 11, 12, 15, 7, 17, 3, 9, 13, 0, 2, 6]
61: [4176, 4, 18, 10, 16, 8, 19, 1, 5, 11, 12, 15, 7, 17, 3, 9, 13, 0, 2, 6]
62: [3475, 4, 18, 10, 16, 8, 19, 1, 5, 11, 12, 15, 7, 17, 3, 9, 13, 0, 2, 6]
63: [5110, 4, 18, 10, 16, 8, 19, 1, 5, 11, 12, 15, 7, 17, 3, 9, 13, 0, 2, 6]
64: [687, 4, 18, 10, 16, 8, 19, 1, 5, 11, 12, 15, 7, 17, 3, 9, 13, 0, 2, 6]
65: [2637, 4, 18, 10, 16, 8, 19, 1, 5, 11, 12, 15, 7, 17, 3, 9, 13, 0, 2, 6]
66: [4176, 4, 18, 10, 16, 8, 19, 1, 5, 11, 12, 15, 7, 17, 3, 9, 13, 0, 2, 6]
67: [3247, 4, 18, 10, 16, 8, 19, 1, 5, 11, 12, 15, 7, 17, 3, 9, 13, 0, 2, 6]
68: [5613, 4, 18, 10, 16, 8, 19, 1, 5, 11, 12, 15, 7, 17, 3, 9, 13, 0, 2, 6]
69: [2064, 4, 18, 10, 16, 8, 19, 1, 5, 11, 12, 15, 7, 17, 3, 9, 13, 0, 2, 6]
70: [4606, 4, 18, 10, 16, 8, 19, 1, 5, 11, 12, 15, 7, 17, 3, 9, 13, 0, 2, 6]
71: [4269, 4, 18, 10, 16, 8, 19, 1, 5, 11, 12, 15, 7, 17, 3, 9, 13, 0, 2, 6]
72: [4461, 4, 18, 10, 16, 8, 19, 1, 5, 11, 12, 15, 7, 17, 3, 9, 13, 0, 2, 6]
73: [256, 4, 18, 10, 16, 8, 19, 1, 5, 11, 12, 15, 7, 17, 3, 9, 13, 0, 2, 6]
74: [5567, 4, 18, 10, 16, 8, 19, 1, 5, 11, 12, 15, 7, 17, 3, 9, 13, 0, 2, 6]
75: [3127, 4, 18, 10, 16, 8, 19, 1, 5, 11, 12, 15, 7, 17, 3, 9, 13, 0, 2, 6]
76: [3872, 4, 18, 10, 16, 8, 19, 1, 5, 11, 12, 15, 7, 17, 3, 9, 13, 0, 2, 6]
77: [3448, 4, 18, 10, 16, 8, 19, 1, 5, 11, 12, 15, 7, 17, 3, 9, 13, 0, 2, 6]
78: [5629, 4, 18, 10, 16, 8, 19, 1, 5, 11, 12, 15, 7, 17, 3, 9, 13, 0, 2, 6]
79: [4589, 4, 18, 10, 16, 8, 19, 1, 5, 11, 12, 15, 7, 17, 3, 9, 13, 0, 2, 6]
80: [5408, 4, 18, 10, 16, 8, 19, 1, 5, 11, 12, 15, 7, 17, 3, 9, 13, 0, 2, 6]
81: [4333, 4, 18, 10, 16, 8, 19, 1, 5, 11, 12, 15, 7, 17, 3, 9, 13, 0, 2, 6]
82: [5670, 4, 18, 10, 16, 8, 19, 1, 5, 11, 12, 15, 7, 17, 3, 9, 13, 0, 2, 6]
83: [5596, 4, 18, 10, 16, 8, 19, 1, 5, 11, 12, 15, 7, 17, 3, 9, 13, 0, 2, 6]
84: [5617, 4, 18, 10, 16, 8, 19, 1, 5, 11, 12, 15, 7, 17, 3, 9, 13, 0, 2, 6]
85: [5468, 4, 18, 10, 16, 8, 19, 1, 5, 11, 12, 15, 7, 17, 3, 9, 13, 0, 2, 6]
86: [4051, 4, 18, 10, 16, 8, 19, 1, 5, 11, 12, 15, 7, 17, 3, 9, 13, 0, 2, 6]
87: [3529, 4, 18, 10, 16, 8, 19, 1, 5, 11, 12, 15, 7, 17, 3, 9, 13, 0, 2, 6]
88: [2686, 4, 18, 10, 16, 8, 19, 1, 5, 11, 12, 15, 7, 17, 3, 9, 13, 0, 2, 6]
89: [4739, 4, 18, 10, 16, 8, 19, 1, 5, 11, 12, 15, 7, 17, 3, 9, 13, 0, 2, 6]
90: [2631, 4, 18, 10, 16, 8, 19, 1, 5, 11, 12, 15, 7, 17, 3, 9, 13, 0, 2, 6]
91: [5615, 4, 18, 10, 16, 8, 19, 1, 5, 11, 12, 15, 7, 17, 3, 9, 13, 0, 2, 6]
92: [1706, 4, 18, 10, 16, 8, 19, 1, 5, 11, 12, 15, 7, 17, 3, 9, 13, 0, 2, 6]
93: [1719, 4, 18, 10, 16, 8, 19, 1, 5, 11, 12, 15, 7, 17, 3, 9, 13, 0, 2, 6]
94: [3448, 4, 18, 10, 16, 8, 19, 1, 5, 11, 12, 15, 7, 17, 3, 9, 13, 0, 2, 6]
95: [4500, 4, 18, 10, 16, 8, 19, 1, 5, 11, 12, 15, 7, 17, 3, 9, 13, 0, 2, 6]
96: [4183, 4, 18, 10, 16, 8, 19, 1, 5, 11, 12, 15, 7, 17, 3, 9, 13, 0, 2, 6]
97: [4134, 4, 18, 10, 16, 8, 19, 1, 5, 11, 12, 15, 7, 17, 3, 9, 13, 0, 2, 6]
98: [800, 4, 18, 10, 16, 8, 19, 1, 5, 11, 12, 15, 7, 17, 3, 9, 13, 0, 2, 6]
99: [3946, 4, 18, 10, 16, 8, 19, 1, 5, 11, 12, 15, 7, 17, 3, 9, 13, 0, 2, 6]
100: [1288, 4, 18, 10, 16, 8, 19, 1, 5, 11, 12, 15, 7, 17, 3, 9, 13, 0, 2, 6]
101: [4949, 4, 18, 10, 16, 8, 19, 1, 5, 11, 12, 15, 7, 17, 3, 9, 13, 0, 2, 6]
102: [3946, 4, 18, 10, 16, 8, 19, 1, 5, 11, 12, 15, 7, 17, 3, 9, 13, 0, 2, 6]
103: [4051, 4, 18, 10, 16, 8, 19, 1, 5, 11, 12, 15, 7, 17, 3, 9, 13, 0, 2, 6]
104: [3294, 4, 18, 10, 16, 8, 19, 1, 5, 11, 12, 15, 7, 17, 3, 9, 13, 0, 2, 6]
105: [4389, 4, 18, 10, 16, 8, 19, 1, 5, 11, 12, 15, 7, 17, 3, 9, 13, 0, 2, 6]
106: [5244, 4, 18, 10, 16, 8, 19, 1, 5, 11, 12, 15, 7, 17, 3, 9, 13, 0, 2, 6]
107: [3946, 4, 18, 10, 16, 8, 19, 1, 5, 11, 12, 15, 7, 17, 3, 9, 13, 0, 2, 6]
108: [1531, 4, 18, 10, 16, 8, 19, 1, 5, 11, 12, 15, 7, 17, 3, 9, 13, 0, 2, 6]
109: [5361, 4, 18, 10, 16, 8, 19, 1, 5, 11, 12, 15, 7, 17, 3, 9, 13, 0, 2, 6]
110: [5591, 4, 18, 10, 16, 8, 19, 1, 5, 11, 12, 15, 7, 17, 3, 9, 13, 0, 2, 6]
111: [5087, 4, 18, 10, 16, 8, 19, 1, 5, 11, 12, 15, 7, 17, 3, 9, 13, 0, 2, 6]
112: [4880, 4, 18, 10, 16, 8, 19, 1, 5, 11, 12, 15, 7, 17, 3, 9, 13, 0, 2, 6]
113: [2491, 4, 18, 10, 16, 8, 19, 1, 5, 11, 12, 15, 7, 17, 3, 9, 13, 0, 2, 6]
114: [3428, 4, 18, 10, 16, 8, 19, 1, 5, 11, 12, 15, 7, 17, 3, 9, 13, 0, 2, 6]
115: [722, 4, 18, 10, 16, 8, 19, 1, 5, 11, 12, 15, 7, 17, 3, 9, 13, 0, 2, 6]
116: [4266, 4, 18, 10, 16, 8, 19, 1, 5, 11, 12, 15, 7, 17, 3, 9, 13, 0, 2, 6]
117: [2412, 4, 18, 10, 16, 8, 19, 1, 5, 11, 12, 15, 7, 17, 3, 9, 13, 0, 2, 6]
118: [4895, 4, 18, 10, 16, 8, 19, 1, 5, 11, 12, 15, 7, 17, 3, 9, 13, 0, 2, 6]
119: [3404, 4, 18, 10, 16, 8, 19, 1, 5, 11, 12, 15, 7, 17, 3, 9, 13, 0, 2, 6]
120: [4333, 4, 18, 10, 16, 8, 19, 1, 5, 11, 12, 15, 7, 17, 3, 9, 13, 0, 2, 6]
121: [5591, 4, 18, 10, 16, 8, 19, 1, 5, 11, 12, 15, 7, 17, 3, 9, 13, 0, 2, 6]
122: [4984, 4, 18, 10, 16, 8, 19, 1, 5, 11, 12, 15, 7, 17, 3, 9, 13, 0, 2, 6]
123: [3323, 4, 18, 10, 16, 8, 19, 1, 5, 11, 12, 15, 7, 17, 3, 9, 13, 0, 2, 6]
124: [5084, 4, 18, 10, 16, 8, 19, 1, 5, 11, 12, 15, 7, 17, 3, 9, 13, 0, 2, 6]
125: [2591, 4, 18, 10, 16, 8, 19, 1, 5, 11, 12, 15, 7, 17, 3, 9, 13, 0, 2, 6]
126: [4078, 4, 18, 10, 16, 8, 19, 1, 5, 11, 12, 15, 7, 17, 3, 9, 13, 0, 2, 6]
127: [5285, 4, 18, 10, 16, 8, 19, 1, 5, 11, 12, 15, 7, 17, 3, 9, 13, 0, 2, 6]
128: [4927, 4, 18, 10, 16, 8, 19, 1, 5, 11, 12, 15, 7, 17, 3, 9, 13, 0, 2, 6]
129: [2631, 4, 18, 10, 16, 8, 19, 1, 5, 11, 12, 15, 7, 17, 3, 9, 13, 0, 2, 6]
130: [858, 4, 18, 10, 16, 8, 19, 1, 5, 11, 12, 15, 7, 17, 3, 9, 13, 0, 2, 6]
131: [5709, 4, 18, 10, 16, 8, 19, 1, 5, 11, 12, 15, 7, 17, 3, 9, 13, 0, 2, 6]
132: [3166, 4, 18, 10, 16, 8, 19, 1, 5, 11, 12, 15, 7, 17, 3, 9, 13, 0, 2, 6]
133: [1564, 4, 18, 10, 16, 8, 19, 1, 5, 11, 12, 15, 7, 17, 3, 9, 13, 0, 2, 6]
134: [5604, 4, 18, 10, 16, 8, 19, 1, 5, 11, 12, 15, 7, 17, 3, 9, 13, 0, 2, 6]
135: [2107, 4, 18, 10, 16, 8, 19, 1, 5, 11, 12, 15, 7, 17, 3, 9, 13, 0, 2, 6]
136: [3448, 4, 18, 10, 16, 8, 19, 1, 5, 11, 12, 15, 7, 17, 3, 9, 13, 0, 2, 6]
137: [5640, 4, 18, 10, 16, 8, 19, 1, 5, 11, 12, 15, 7, 17, 3, 9, 13, 0, 2, 6]
138: [5508, 4, 18, 10, 16, 8, 19, 1, 5, 11, 12, 15, 7, 17, 3, 9, 13, 0, 2, 6]
139: [2714, 4, 18, 10, 16, 8, 19, 1, 5, 11, 12, 15, 7, 17, 3, 9, 13, 0, 2, 6]
140: [4652, 4, 18, 10, 16, 8, 19, 1, 5, 11, 12, 15, 7, 17, 3, 9, 13, 0, 2, 6]
141: [1892, 4, 18, 10, 16, 8, 19, 1, 5, 11, 12, 15, 7, 17, 3, 9, 13, 0, 2, 6]
142: [2732, 4, 18, 10, 16, 8, 19, 1, 5, 11, 12, 15, 7, 17, 3, 9, 13, 0, 2, 6]
143: [2491, 4, 18, 10, 16, 8, 19, 1, 5, 11, 12, 15, 7, 17, 3, 9, 13, 0, 2, 6]
144: [2498, 4, 18, 10, 16, 8, 19, 1, 5, 11, 12, 15, 7, 17, 3, 9, 13, 0, 2, 6]
145: [2214, 4, 18, 10, 16, 8, 19, 1, 5, 11, 12, 15, 7, 17, 3, 9, 13, 0, 2, 6]
146: [2412, 4, 18, 10, 16, 8, 19, 1, 5, 11, 12, 15, 7, 17, 3, 9, 13, 0, 2, 6]
147: [4350, 4, 18, 10, 16, 8, 19, 1, 5, 11, 12, 15, 7, 17, 3, 9, 13, 0, 2, 6]
148: [3023, 4, 18, 10, 16, 8, 19, 1, 5, 11, 12, 15, 7, 17, 3, 9, 13, 0, 2, 6]
149: [3023, 4, 18, 10, 16, 8, 19, 1, 5, 11, 12, 15, 7, 17, 3, 9, 13, 0, 2, 6]
150: [4589, 4, 18, 10, 16, 8, 19, 1, 5, 11, 12, 15, 7, 17, 3, 9, 13, 0, 2, 6]
151: [4333, 4, 18, 10, 16, 8, 19, 1, 5, 11, 12, 15, 7, 17, 3, 9, 13, 0, 2, 6]
152: [1267, 4, 18, 10, 16, 8, 19, 1, 5, 11, 12, 15, 7, 17, 3, 9, 13, 0, 2, 6]
153: [2498, 4, 18, 10, 16, 8, 19, 1, 5, 11, 12, 15, 7, 17, 3, 9, 13, 0, 2, 6]
154: [4297, 4, 18, 10, 16, 8, 19, 1, 5, 11, 12, 15, 7, 17, 3, 9, 13, 0, 2, 6]
155: [4599, 4, 18, 10, 16, 8, 19, 1, 5, 11, 12, 15, 7, 17, 3, 9, 13, 0, 2, 6]
156: [4007, 4, 18, 10, 16, 8, 19, 1, 5, 11, 12, 15, 7, 17, 3, 9, 13, 0, 2, 6]
157: [4477, 4, 18, 10, 16, 8, 19, 1, 5, 11, 12, 15, 7, 17, 3, 9, 13, 0, 2, 6]
158: [1856, 4, 18, 10, 16, 8, 19, 1, 5, 11, 12, 15, 7, 17, 3, 9, 13, 0, 2, 6]
159: [3695, 4, 18, 10, 16, 8, 19, 1, 5, 11, 12, 15, 7, 17, 3, 9, 13, 0, 2, 6]
160: [4150, 4, 18, 10, 16, 8, 19, 1, 5, 11, 12, 15, 7, 17, 3, 9, 13, 0, 2, 6]
161: [2384, 4, 18, 10, 16, 8, 19, 1, 5, 11, 12, 15, 7, 17, 3, 9, 13, 0, 2, 6]
162: [2064, 4, 18, 10, 16, 8, 19, 1, 5, 11, 12, 15, 7, 17, 3, 9, 13, 0, 2, 6]
163: [672, 4, 18, 10, 16, 8, 19, 1, 5, 11, 12, 15, 7, 17, 3, 9, 13, 0, 2, 6]
164: [4078, 4, 18, 10, 16, 8, 19, 1, 5, 11, 12, 15, 7, 17, 3, 9, 13, 0, 2, 6]
165: [5563, 4, 18, 10, 16, 8, 19, 1, 5, 11, 12, 15, 7, 17, 3, 9, 13, 0, 2, 6]
166: [5117, 4, 18, 10, 16, 8, 19, 1, 5, 11, 12, 15, 7, 17, 3, 9, 13, 0, 2, 6]
167: [4496, 4, 18, 10, 16, 8, 19, 1, 5, 11, 12, 15, 7, 17, 3, 9, 13, 0, 2, 6]
168: [4846, 4, 18, 10, 16, 8, 19, 1, 5, 11, 12, 15, 7, 17, 3, 9, 13, 0, 2, 6]
169: [678, 4, 18, 10, 16, 8, 19, 1, 5, 11, 12, 15, 7, 17, 3, 9, 13, 0, 2, 6]
170: [2698, 4, 18, 10, 16, 8, 19, 1, 5, 11, 12, 15, 7, 17, 3, 9, 13, 0, 2, 6]
171: [4972, 4, 18, 10, 16, 8, 19, 1, 5, 11, 12, 15, 7, 17, 3, 9, 13, 0, 2, 6]
172: [5117, 4, 18, 10, 16, 8, 19, 1, 5, 11, 12, 15, 7, 17, 3, 9, 13, 0, 2, 6]
173: [2393, 4, 18, 10, 16, 8, 19, 1, 5, 11, 12, 15, 7, 17, 3, 9, 13, 0, 2, 6]
174: [5526, 4, 18, 10, 16, 8, 19, 1, 5, 11, 12, 15, 7, 17, 3, 9, 13, 0, 2, 6]
175: [1359, 4, 18, 10, 16, 8, 19, 1, 5, 11, 12, 15, 7, 17, 3, 9, 13, 0, 2, 6]
176: [3101, 4, 18, 10, 16, 8, 19, 1, 5, 11, 12, 15, 7, 17, 3, 9, 13, 0, 2, 6]
177: [5108, 4, 18, 10, 16, 8, 19, 1, 5, 11, 12, 15, 7, 17, 3, 9, 13, 0, 2, 6]
178: [4756, 4, 18, 10, 16, 8, 19, 1, 5, 11, 12, 15, 7, 17, 3, 9, 13, 0, 2, 6]
179: [2652, 4, 18, 10, 16, 8, 19, 1, 5, 11, 12, 15, 7, 17, 3, 9, 13, 0, 2, 6]
180: [2332, 4, 18, 10, 16, 8, 19, 1, 5, 11, 12, 15, 7, 17, 3, 9, 13, 0, 2, 6]
181: [5803, 4, 18, 10, 16, 8, 19, 1, 5, 11, 12, 15, 7, 17, 3, 9, 13, 0, 2, 6]
182: [2959, 4, 18, 10, 16, 8, 19, 1, 5, 11, 12, 15, 7, 17, 3, 9, 13, 0, 2, 6]
183: [3038, 4, 18, 10, 16, 8, 19, 1, 5, 11, 12, 15, 7, 17, 3, 9, 13, 0, 2, 6]
184: [5305, 4, 18, 10, 16, 8, 19, 1, 5, 11, 12, 15, 7, 17, 3, 9, 13, 0, 2, 6]
185: [4389, 4, 18, 10, 16, 8, 19, 1, 5, 11, 12, 15, 7, 17, 3, 9, 13, 0, 2, 6]
186: [4861, 4, 18, 10, 16, 8, 19, 1, 5, 11, 12, 15, 7, 17, 3, 9, 13, 0, 2, 6]
187: [3584, 4, 18, 10, 16, 8, 19, 1, 5, 11, 12, 15, 7, 17, 3, 9, 13, 0, 2, 6]
188: [4051, 4, 18, 10, 16, 8, 19, 1, 5, 11, 12, 15, 7, 17, 3, 9, 13, 0, 2, 6]
189: [1295, 4, 18, 10, 16, 8, 19, 1, 5, 11, 12, 15, 7, 17, 3, 9, 13, 0, 2, 6]
190: [3839, 4, 18, 10, 16, 8, 19, 1, 5, 11, 12, 15, 7, 17, 3, 9, 13, 0, 2, 6]
191: [4852, 4, 18, 10, 16, 8, 19, 1, 5, 11, 12, 15, 7, 17, 3, 9, 13, 0, 2, 6]
192: [4487, 4, 18, 10, 16, 8, 19, 1, 5, 11, 12, 15, 7, 17, 3, 9, 13, 0, 2, 6]
193: [5613, 4, 18, 10, 16, 8, 19, 1, 5, 11, 12, 15, 7, 17, 3, 9, 13, 0, 2, 6]
194: [5640, 4, 18, 10, 16, 8, 19, 1, 5, 11, 12, 15, 7, 17, 3, 9, 13, 0, 2, 6]
195: [2753, 4, 18, 10, 16, 8, 19, 1, 5, 11, 12, 15, 7, 17, 3, 9, 13, 0, 2, 6]
196: [5767, 4, 18, 10, 16, 8, 19, 1, 5, 11, 12, 15, 7, 17, 3, 9, 13, 0, 2, 6]
197: [5278, 4, 18, 10, 16, 8, 19, 1, 5, 11, 12, 15, 7, 17, 3, 9, 13, 0, 2, 6]
198: [5388, 4, 18, 10, 16, 8, 19, 1, 5, 11, 12, 15, 7, 17, 3, 9, 13, 0, 2, 6]
199: [3098, 4, 18, 10, 16, 8, 19, 1, 5, 11, 12, 15, 7, 17, 3, 9, 13, 0, 2, 6]
200: [4070, 4, 18, 10, 16, 8, 19, 1, 5, 11, 12, 15, 7, 17, 3, 9, 13, 0, 2, 6]
201: [4660, 4, 18, 10, 16, 8, 19, 1, 5, 11, 12, 15, 7, 17, 3, 9, 13, 0, 2, 6]
202: [4688, 4, 18, 10, 16, 8, 19, 1, 5, 11, 12, 15, 7, 17, 3, 9, 13, 0, 2, 6]
203: [4176, 4, 18, 10, 16, 8, 19, 1, 5, 11, 12, 15, 7, 17, 3, 9, 13, 0, 2, 6]
204: [4856, 4, 18, 10, 16, 8, 19, 1, 5, 11, 12, 15, 7, 17, 3, 9, 13, 0, 2, 6]
205: [5117, 4, 18, 10, 16, 8, 19, 1, 5, 11, 12, 15, 7, 17, 3, 9, 13, 0, 2, 6]
206: [2923, 4, 18, 10, 16, 8, 19, 1, 5, 11, 12, 15, 7, 17, 3, 9, 13, 0, 2, 6]
207: [3146, 4, 18, 10, 16, 8, 19, 1, 5, 11, 12, 15, 7, 17, 3, 9, 13, 0, 2, 6]
208: [4363, 4, 18, 10, 16, 8, 19, 1, 5, 11, 12, 15, 7, 17, 3, 9, 13, 0, 2, 6]
209: [5117, 4, 18, 10, 16, 8, 19, 1, 5, 11, 12, 15, 7, 17, 3, 9, 13, 0, 2, 6]
210: [5526, 4, 18, 10, 16, 8, 19, 1, 5, 11, 12, 15, 7, 17, 3, 9, 13, 0, 2, 6]
211: [4880, 4, 18, 10, 16, 8, 19, 1, 5, 11, 12, 15, 7, 17, 3, 9, 13, 0, 2, 6]
212: [3911, 4, 18, 10, 16, 8, 19, 1, 5, 11, 12, 15, 7, 17, 3, 9, 13, 0, 2, 6]
213: [5072, 4, 18, 10, 16, 8, 19, 1, 5, 11, 12, 15, 7, 17, 3, 9, 13, 0, 2, 6]
214: [3070, 4, 18, 10, 16, 8, 19, 1, 5, 11, 12, 15, 7, 17, 3, 9, 13, 0, 2, 6]
215: [3261, 4, 18, 10, 16, 8, 19, 1, 5, 11, 12, 15, 7, 17, 3, 9, 13, 0, 2, 6]
216: [5233, 4, 18, 10, 16, 8, 19, 1, 5, 11, 12, 15, 7, 17, 3, 9, 13, 0, 2, 6]
217: [3331, 4, 18, 10, 16, 8, 19, 1, 5, 11, 12, 15, 7, 17, 3, 9, 13, 0, 2, 6]
218: [2074, 4, 18, 10, 16, 8, 19, 1, 5, 11, 12, 15, 7, 17, 3, 9, 13, 0, 2, 6]
219: [3967, 4, 18, 10, 16, 8, 19, 1, 5, 11, 12, 15, 7, 17, 3, 9, 13, 0, 2, 6]
220: [4389, 4, 18, 10, 16, 8, 19, 1, 5, 11, 12, 15, 7, 17, 3, 9, 13, 0, 2, 6]
221: [5278, 4, 18, 10, 16, 8, 19, 1, 5, 11, 12, 15, 7, 17, 3, 9, 13, 0, 2, 6]
222: [5709, 4, 18, 10, 16, 8, 19, 1, 5, 11, 12, 15, 7, 17, 3, 9, 13, 0, 2, 6]
223: [1788, 4, 18, 10, 16, 8, 19, 1, 5, 11, 12, 15, 7, 17, 3, 9, 13, 0, 2, 6]
224: [4088, 4, 18, 10, 16, 8, 19, 1, 5, 11, 12, 15, 7, 17, 3, 9, 13, 0, 2, 6]
225: [5314, 4, 18, 10, 16, 8, 19, 1, 5, 11, 12, 15, 7, 17, 3, 9, 13, 0, 2, 6]
226: [5815, 4, 18, 10, 16, 8, 19, 1, 5, 11, 12, 15, 7, 17, 3, 9, 13, 0, 2, 6]
227: [2074, 4, 18, 10, 16, 8, 19, 1, 5, 11, 12, 15, 7, 17, 3, 9, 13, 0, 2, 6]
228: [3810, 4, 18, 10, 16, 8, 19, 1, 5, 11, 12, 15, 7, 17, 3, 9, 13, 0, 2, 6]
229: [2324, 4, 18, 10, 16, 8, 19, 1, 5, 11, 12, 15, 7, 17, 3, 9, 13, 0, 2, 6]
230: [4606, 4, 18, 10, 16, 8, 19, 1, 5, 11, 12, 15, 7, 17, 3, 9, 13, 0, 2, 6]
231: [3510, 4, 18, 10, 16, 8, 19, 1, 5, 11, 12, 15, 7, 17, 3, 9, 13, 0, 2, 6]
232: [1764, 4, 18, 10, 16, 8, 19, 1, 5, 11, 12, 15, 7, 17, 3, 9, 13, 0, 2, 6]
233: [3487, 4, 18, 10, 16, 8, 19, 1, 5, 11, 12, 15, 7, 17, 3, 9, 13, 0, 2, 6]
234: [4056, 4, 18, 10, 16, 8, 19, 1, 5, 11, 12, 15, 7, 17, 3, 9, 13, 0, 2, 6]
235: [4269, 4, 18, 10, 16, 8, 19, 1, 5, 11, 12, 15, 7, 17, 3, 9, 13, 0, 2, 6]
236: [2637, 4, 18, 10, 16, 8, 19, 1, 5, 11, 12, 15, 7, 17, 3, 9, 13, 0, 2, 6]
237: [3417, 4, 18, 10, 16, 8, 19, 1, 5, 11, 12, 15, 7, 17, 3, 9, 13, 0, 2, 6]
238: [3262, 4, 18, 10, 16, 8, 19, 1, 5, 11, 12, 15, 7, 17, 3, 9, 13, 0, 2, 6]
239: [4853, 4, 18, 10, 16, 8, 19, 1, 5, 11, 12, 15, 7, 17, 3, 9, 13, 0, 2, 6]
240: [3500, 4, 18, 10, 16, 8, 19, 1, 5, 11, 12, 15, 7, 17, 3, 9, 13, 0, 2, 6]
241: [2992, 4, 18, 10, 16, 8, 19, 1, 5, 11, 12, 15, 7, 17, 3, 9, 13, 0, 2, 6]
242: [1719, 4, 18, 10, 16, 8, 19, 1, 5, 11, 12, 15, 7, 17, 3, 9, 13, 0, 2, 6]
243: [3101, 4, 18, 10, 16, 8, 19, 1, 5, 11, 12, 15, 7, 17, 3, 9, 13, 0, 2, 6]
244: [2871, 4, 18, 10, 16, 8, 19, 1, 5, 11, 12, 15, 7, 17, 3, 9, 13, 0, 2, 6]
245: [2064, 4, 18, 10, 16, 8, 19, 1, 5, 11, 12, 15, 7, 17, 3, 9, 13, 0, 2, 6]
246: [4451, 4, 18, 10, 16, 8, 19, 1, 5, 11, 12, 15, 7, 17, 3, 9, 13, 0, 2, 6]
247: [5670, 4, 18, 10, 16, 8, 19, 1, 5, 11, 12, 15, 7, 17, 3, 9, 13, 0, 2, 6]
248: [4634, 4, 18, 10, 16, 8, 19, 1, 5, 11, 12, 15, 7, 17, 3, 9, 13, 0, 2, 6]
249: [2182, 4, 18, 10, 16, 8, 19, 1, 5, 11, 12, 15, 7, 17, 3, 9, 13, 0, 2, 6]
250: [5792, 4, 18, 10, 16, 8, 19, 1, 5, 11, 12, 15, 7, 17, 3, 9, 13, 0, 2, 6]
251: [510, 4, 18, 10, 16, 8, 19, 1, 5, 11, 12, 15, 7, 17, 3, 9, 13, 0, 2, 6]
252: [1146, 4, 18, 10, 16, 8, 19, 1, 5, 11, 12, 15, 7, 17, 3, 9, 13, 0, 2, 6]
253: [4538, 4, 18, 10, 16, 8, 19, 1, 5, 11, 12, 15, 7, 17, 3, 9, 13, 0, 2, 6]
254: [4297, 4, 18, 10, 16, 8, 19, 1, 5, 11, 12, 15, 7, 17, 3, 9, 13, 0, 2, 6]
255: [5385, 4, 18, 10, 16, 8, 19, 1, 5, 11, 12, 15, 7, 17, 3, 9, 13, 0, 2, 6]
256: [4236, 4, 18, 10, 16, 8, 19, 1, 5, 11, 12, 15, 7, 17, 3, 9, 13, 0, 2, 6]
257: [3309, 4, 18, 10, 16, 8, 19, 1, 5, 11, 12, 15, 7, 17, 3, 9, 13, 0, 2, 6]
258: [2107, 4, 18, 10, 16, 8, 19, 1, 5, 11, 12, 15, 7, 17, 3, 9, 13, 0, 2, 6]
259: [5514, 4, 18, 10, 16, 8, 19, 1, 5, 11, 12, 15, 7, 17, 3, 9, 13, 0, 2, 6]
260: [5709, 4, 18, 10, 16, 8, 19, 1, 5, 11, 12, 15, 7, 17, 3, 9, 13, 0, 2, 6]
261: [5233, 4, 18, 10, 16, 8, 19, 1, 5, 11, 12, 15, 7, 17, 3, 9, 13, 0, 2, 6]
262: [4333, 4, 18, 10, 16, 8, 19, 1, 5, 11, 12, 15, 7, 17, 3, 9, 13, 0, 2, 6]
263: [5290, 4, 18, 10, 16, 8, 19, 1, 5, 11, 12, 15, 7, 17, 3, 9, 13, 0, 2, 6]
264: [5129, 4, 18, 10, 16, 8, 19, 1, 5, 11, 12, 15, 7, 17, 3, 9, 13, 0, 2, 6]
265: [3946, 4, 18, 10, 16, 8, 19, 1, 5, 11, 12, 15, 7, 17, 3, 9, 13, 0, 2, 6]
266: [3023, 4, 18, 10, 16, 8, 19, 1, 5, 11, 12, 15, 7, 17, 3, 9, 13, 0, 2, 6]
267: [1496, 4, 18, 10, 16, 8, 19, 1, 5, 11, 12, 15, 7, 17, 3, 9, 13, 0, 2, 6]
268: [5558, 4, 18, 10, 16, 8, 19, 1, 5, 11, 12, 15, 7, 17, 3, 9, 13, 0, 2, 6]
269: [510, 4, 18, 10, 16, 8, 19, 1, 5, 11, 12, 15, 7, 17, 3, 9, 13, 0, 2, 6]
270: [3081, 4, 18, 10, 16, 8, 19, 1, 5, 11, 12, 15, 7, 17, 3, 9, 13, 0, 2, 6]
271: [5421, 4, 18, 10, 16, 8, 19, 1, 5, 11, 12, 15, 7, 17, 3, 9, 13, 0, 2, 6]
272: [5174, 4, 18, 10, 16, 8, 19, 1, 5, 11, 12, 15, 7, 17, 3, 9, 13, 0, 2, 6]
273: [3793, 4, 18, 10, 16, 8, 19, 1, 5, 11, 12, 15, 7, 17, 3, 9, 13, 0, 2, 6]
274: [4236, 4, 18, 10, 16, 8, 19, 1, 5, 11, 12, 15, 7, 17, 3, 9, 13, 0, 2, 6]
275: [2182, 4, 18, 10, 16, 8, 19, 1, 5, 11, 12, 15, 7, 17, 3, 9, 13, 0, 2, 6]
276: [5523, 4, 18, 10, 16, 8, 19, 1, 5, 11, 12, 15, 7, 17, 3, 9, 13, 0, 2, 6]
277: [3261, 4, 18, 10, 16, 8, 19, 1, 5, 11, 12, 15, 7, 17, 3, 9, 13, 0, 2, 6]
278: [1764, 4, 18, 10, 16, 8, 19, 1, 5, 11, 12, 15, 7, 17, 3, 9, 13, 0, 2, 6]
279: [3186, 4, 18, 10, 16, 8, 19, 1, 5, 11, 12, 15, 7, 17, 3, 9, 13, 0, 2, 6]
280: [5307, 4, 18, 10, 16, 8, 19, 1, 5, 11, 12, 15, 7, 17, 3, 9, 13, 0, 2, 6]
281: [2421, 4, 18, 10, 16, 8, 19, 1, 5, 11, 12, 15, 7, 17, 3, 9, 13, 0, 2, 6]
282: [2637, 4, 18, 10, 16, 8, 19, 1, 5, 11, 12, 15, 7, 17, 3, 9, 13, 0, 2, 6]
283: [3503, 4, 18, 10, 16, 8, 19, 1, 5, 11, 12, 15, 7, 17, 3, 9, 13, 0, 2, 6]
284: [2717, 4, 18, 10, 16, 8, 19, 1, 5, 11, 12, 15, 7, 17, 3, 9, 13, 0, 2, 6]
285: [3023, 4, 18, 10, 16, 8, 19, 1, 5, 11, 12, 15, 7, 17, 3, 9, 13, 0, 2, 6]
286: [5596, 4, 18, 10, 16, 8, 19, 1, 5, 11, 12, 15, 7, 17, 3, 9, 13, 0, 2, 6]
287: [3292, 4, 18, 10, 16, 8, 19, 1, 5, 11, 12, 15, 7, 17, 3, 9, 13, 0, 2, 6]
288: [682, 4, 18, 10, 16, 8, 19, 1, 5, 11, 12, 15, 7, 17, 3, 9, 13, 0, 2, 6]
289: [2434, 4, 18, 10, 16, 8, 19, 1, 5, 11, 12, 15, 7, 17, 3, 9, 13, 0, 2, 6]
290: [5022, 4, 18, 10, 16, 8, 19, 1, 5, 11, 12, 15, 7, 17, 3, 9, 13, 0, 2, 6]
291: [4333, 4, 18, 10, 16, 8, 19, 1, 5, 11, 12, 15, 7, 17, 3, 9, 13, 0, 2, 6]
292: [1037, 4, 18, 10, 16, 8, 19, 1, 5, 11, 12, 15, 7, 17, 3, 9, 13, 0, 2, 6]
293: [3347, 4, 18, 10, 16, 8, 19, 1, 5, 11, 12, 15, 7, 17, 3, 9, 13, 0, 2, 6]
294: [5670, 4, 18, 10, 16, 8, 19, 1, 5, 11, 12, 15, 7, 17, 3, 9, 13, 0, 2, 6]
295: [3294, 4, 18, 10, 16, 8, 19, 1, 5, 11, 12, 15, 7, 17, 3, 9, 13, 0, 2, 6]
296: [1691, 4, 18, 10, 16, 8, 19, 1, 5, 11, 12, 15, 7, 17, 3, 9, 13, 0, 2, 6]
297: [2699, 4, 18, 10, 16, 8, 19, 1, 5, 11, 12, 15, 7, 17, 3, 9, 13, 0, 2, 6]
298: [4574, 4, 18, 10, 16, 8, 19, 1, 5, 11, 12, 15, 7, 17, 3, 9, 13, 0, 2, 6]
299: [4049, 4, 18, 10, 16, 8, 19, 1, 5, 11, 12, 15, 7, 17, 3, 9, 13, 0, 2, 6]
300: [4554, 4, 18, 10, 16, 8, 19, 1, 5, 11, 12, 15, 7, 17, 3, 9, 13, 0, 2, 6]
301: [2296, 4, 18, 10, 16, 8, 19, 1, 5, 11, 12, 15, 7, 17, 3, 9, 13, 0, 2, 6]
302: [4054, 4, 18, 10, 16, 8, 19, 1, 5, 11, 12, 15, 7, 17, 3, 9, 13, 0, 2, 6]
303: [3803, 4, 18, 10, 16, 8, 19, 1, 5, 11, 12, 15, 7, 17, 3, 9, 13, 0, 2, 6]
304: [5592, 4, 18, 10, 16, 8, 19, 1, 5, 11, 12, 15, 7, 17, 3, 9, 13, 0, 2, 6]
305: [2713, 4, 18, 10, 16, 8, 19, 1, 5, 11, 12, 15, 7, 17, 3, 9, 13, 0, 2, 6]
306: [5323, 4, 18, 10, 16, 8, 19, 1, 5, 11, 12, 15, 7, 17, 3, 9, 13, 0, 2, 6]
307: [4763, 4, 18, 10, 16, 8, 19, 1, 5, 11, 12, 15, 7, 17, 3, 9, 13, 0, 2, 6]
308: [2693, 4, 18, 10, 16, 8, 19, 1, 5, 11, 12, 15, 7, 17, 3, 9, 13, 0, 2, 6]
309: [4605, 4, 18, 10, 16, 8, 19, 1, 5, 11, 12, 15, 7, 17, 3, 9, 13, 0, 2, 6]
310: [4068, 4, 18, 10, 16, 8, 19, 1, 5, 11, 12, 15, 7, 17, 3, 9, 13, 0, 2, 6]
311: [4764, 4, 18, 10, 16, 8, 19, 1, 5, 11, 12, 15, 7, 17, 3, 9, 13, 0, 2, 6]
312: [4371, 4, 18, 10, 16, 8, 19, 1, 5, 11, 12, 15, 7, 17, 3, 9, 13, 0, 2, 6]
313: [5709, 4, 18, 10, 16, 8, 19, 1, 5, 11, 12, 15, 7, 17, 3, 9, 13, 0, 2, 6]
314: [3313, 4, 18, 10, 16, 8, 19, 1, 5, 11, 12, 15, 7, 17, 3, 9, 13, 0, 2, 6]
315: [3500, 4, 18, 10, 16, 8, 19, 1, 5, 11, 12, 15, 7, 17, 3, 9, 13, 0, 2, 6]
316: [2384, 4, 18, 10, 16, 8, 19, 1, 5, 11, 12, 15, 7, 17, 3, 9, 13, 0, 2, 6]
317: [3335, 4, 18, 10, 16, 8, 19, 1, 5, 11, 12, 15, 7, 17, 3, 9, 13, 0, 2, 6]
318: [5616, 4, 18, 10, 16, 8, 19, 1, 5, 11, 12, 15, 7, 17, 3, 9, 13, 0, 2, 6]
319: [4783, 4, 18, 10, 16, 8, 19, 1, 5, 11, 12, 15, 7, 17, 3, 9, 13, 0, 2, 6]
320: [678, 4, 18, 10, 16, 8, 19, 1, 5, 11, 12, 15, 7, 17, 3, 9, 13, 0, 2, 6]
321: [4837, 4, 18, 10, 16, 8, 19, 1, 5, 11, 12, 15, 7, 17, 3, 9, 13, 0, 2, 6]
322: [4007, 4, 18, 10, 16, 8, 19, 1, 5, 11, 12, 15, 7, 17, 3, 9, 13, 0, 2, 6]
323: [4477, 4, 18, 10, 16, 8, 19, 1, 5, 11, 12, 15, 7, 17, 3, 9, 13, 0, 2, 6]
324: [2954, 4, 18, 10, 16, 8, 19, 1, 5, 11, 12, 15, 7, 17, 3, 9, 13, 0, 2, 6]
325: [5514, 4, 18, 10, 16, 8, 19, 1, 5, 11, 12, 15, 7, 17, 3, 9, 13, 0, 2, 6]
326: [5278, 4, 18, 10, 16, 8, 19, 1, 5, 11, 12, 15, 7, 17, 3, 9, 13, 0, 2, 6]
327: [2653, 4, 18, 10, 16, 8, 19, 1, 5, 11, 12, 15, 7, 17, 3, 9, 13, 0, 2, 6]
328: [4927, 4, 18, 10, 16, 8, 19, 1, 5, 11, 12, 15, 7, 17, 3, 9, 13, 0, 2, 6]
329: [5670, 4, 18, 10, 16, 8, 19, 1, 5, 11, 12, 15, 7, 17, 3, 9, 13, 0, 2, 6]
330: [2542, 4, 18, 10, 16, 8, 19, 1, 5, 11, 12, 15, 7, 17, 3, 9, 13, 0, 2, 6]
331: [5595, 4, 18, 10, 16, 8, 19, 1, 5, 11, 12, 15, 7, 17, 3, 9, 13, 0, 2, 6]
332: [4526, 4, 18, 10, 16, 8, 19, 1, 5, 11, 12, 15, 7, 17, 3, 9, 13, 0, 2, 6]
333: [2732, 4, 18, 10, 16, 8, 19, 1, 5, 11, 12, 15, 7, 17, 3, 9, 13, 0, 2, 6]
334: [4603, 4, 18, 10, 16, 8, 19, 1, 5, 11, 12, 15, 7, 17, 3, 9, 13, 0, 2, 6]
335: [1691, 4, 18, 10, 16, 8, 19, 1, 5, 11, 12, 15, 7, 17, 3, 9, 13, 0, 2, 6]
336: [5799, 4, 18, 10, 16, 8, 19, 1, 5, 11, 12, 15, 7, 17, 3, 9, 13, 0, 2, 6]
337: [4603, 4, 18, 10, 16, 8, 19, 1, 5, 11, 12, 15, 7, 17, 3, 9, 13, 0, 2, 6]
338: [5595, 4, 18, 10, 16, 8, 19, 1, 5, 11, 12, 15, 7, 17, 3, 9, 13, 0, 2, 6]
339: [4333, 4, 18, 10, 16, 8, 19, 1, 5, 11, 12, 15, 7, 17, 3, 9, 13, 0, 2, 6]
340: [4339, 4, 18, 10, 16, 8, 19, 1, 5, 11, 12, 15, 7, 17, 3, 9, 13, 0, 2, 6]
341: [4764, 4, 18, 10, 16, 8, 19, 1, 5, 11, 12, 15, 7, 17, 3, 9, 13, 0, 2, 6]
342: [4246, 4, 18, 10, 16, 8, 19, 1, 5, 11, 12, 15, 7, 17, 3, 9, 13, 0, 2, 6]
343: [5570, 4, 18, 10, 16, 8, 19, 1, 5, 11, 12, 15, 7, 17, 3, 9, 13, 0, 2, 6]
344: [3323, 4, 18, 10, 16, 8, 19, 1, 5, 11, 12, 15, 7, 17, 3, 9, 13, 0, 2, 6]
345: [3810, 4, 18, 10, 16, 8, 19, 1, 5, 11, 12, 15, 7, 17, 3, 9, 13, 0, 2, 6]
346: [4303, 4, 18, 10, 16, 8, 19, 1, 5, 11, 12, 15, 7, 17, 3, 9, 13, 0, 2, 6]
347: [1989, 4, 18, 10, 16, 8, 19, 1, 5, 11, 12, 15, 7, 17, 3, 9, 13, 0, 2, 6]
348: [5103, 4, 18, 10, 16, 8, 19, 1, 5, 11, 12, 15, 7, 17, 3, 9, 13, 0, 2, 6]
349: [1216, 4, 18, 10, 16, 8, 19, 1, 5, 11, 12, 15, 7, 17, 3, 9, 13, 0, 2, 6]
350: [2550, 4, 18, 10, 16, 8, 19, 1, 5, 11, 12, 15, 7, 17, 3, 9, 13, 0, 2, 6]
351: [5122, 4, 18, 10, 16, 8, 19, 1, 5, 11, 12, 15, 7, 17, 3, 9, 13, 0, 2, 6]
352: [678, 4, 18, 10, 16, 8, 19, 1, 5, 11, 12, 15, 7, 17, 3, 9, 13, 0, 2, 6]
353: [3972, 4, 18, 10, 16, 8, 19, 1, 5, 11, 12, 15, 7, 17, 3, 9, 13, 0, 2, 6]
354: [1486, 4, 18, 10, 16, 8, 19, 1, 5, 11, 12, 15, 7, 17, 3, 9, 13, 0, 2, 6]
355: [5117, 4, 18, 10, 16, 8, 19, 1, 5, 11, 12, 15, 7, 17, 3, 9, 13, 0, 2, 6]
356: [5810, 4, 18, 10, 16, 8, 19, 1, 5, 11, 12, 15, 7, 17, 3, 9, 13, 0, 2, 6]
357: [3681, 4, 18, 10, 16, 8, 19, 1, 5, 11, 12, 15, 7, 17, 3, 9, 13, 0, 2, 6]
358: [4116, 4, 18, 10, 16, 8, 19, 1, 5, 11, 12, 15, 7, 17, 3, 9, 13, 0, 2, 6]
359: [5576, 4, 18, 10, 16, 8, 19, 1, 5, 11, 12, 15, 7, 17, 3, 9, 13, 0, 2, 6]
360: [2107, 4, 18, 10, 16, 8, 19, 1, 5, 11, 12, 15, 7, 17, 3, 9, 13, 0, 2, 6]
361: [5640, 4, 18, 10, 16, 8, 19, 1, 5, 11, 12, 15, 7, 17, 3, 9, 13, 0, 2, 6]
362: [4764, 4, 18, 10, 16, 8, 19, 1, 5, 11, 12, 15, 7, 17, 3, 9, 13, 0, 2, 6]
363: [4955, 4, 18, 10, 16, 8, 19, 1, 5, 11, 12, 15, 7, 17, 3, 9, 13, 0, 2, 6]
364: [4952, 4, 18, 10, 16, 8, 19, 1, 5, 11, 12, 15, 7, 17, 3, 9, 13, 0, 2, 6]
365: [4606, 4, 18, 10, 16, 8, 19, 1, 5, 11, 12, 15, 7, 17, 3, 9, 13, 0, 2, 6]
366: [3584, 4, 18, 10, 16, 8, 19, 1, 5, 11, 12, 15, 7, 17, 3, 9, 13, 0, 2, 6]
367: [5305, 4, 18, 10, 16, 8, 19, 1, 5, 11, 12, 15, 7, 17, 3, 9, 13, 0, 2, 6]
368: [1682, 4, 18, 10, 16, 8, 19, 1, 5, 11, 12, 15, 7, 17, 3, 9, 13, 0, 2, 6]
369: [4655, 4, 18, 10, 16, 8, 19, 1, 5, 11, 12, 15, 7, 17, 3, 9, 13, 0, 2, 6]
370: [5385, 4, 18, 10, 16, 8, 19, 1, 5, 11, 12, 15, 7, 17, 3, 9, 13, 0, 2, 6]
371: [3584, 4, 18, 10, 16, 8, 19, 1, 5, 11, 12, 15, 7, 17, 3, 9, 13, 0, 2, 6]
372: [4764, 4, 18, 10, 16, 8, 19, 1, 5, 11, 12, 15, 7, 17, 3, 9, 13, 0, 2, 6]
373: [5181, 4, 18, 10, 16, 8, 19, 1, 5, 11, 12, 15, 7, 17, 3, 9, 13, 0, 2, 6]
374: [3294, 4, 18, 10, 16, 8, 19, 1, 5, 11, 12, 15, 7, 17, 3, 9, 13, 0, 2, 6]
375: [3087, 4, 18, 10, 16, 8, 19, 1, 5, 11, 12, 15, 7, 17, 3, 9, 13, 0, 2, 6]
376: [1226, 4, 18, 10, 16, 8, 19, 1, 5, 11, 12, 15, 7, 17, 3, 9, 13, 0, 2, 6]
377: [5468, 4, 18, 10, 16, 8, 19, 1, 5, 11, 12, 15, 7, 17, 3, 9, 13, 0, 2, 6]
378: [2395, 4, 18, 10, 16, 8, 19, 1, 5, 11, 12, 15, 7, 17, 3, 9, 13, 0, 2, 6]
379: [322, 4, 18, 10, 16, 8, 19, 1, 5, 11, 12, 15, 7, 17, 3, 9, 13, 0, 2, 6]
380: [4490, 4, 18, 10, 16, 8, 19, 1, 5, 11, 12, 15, 7, 17, 3, 9, 13, 0, 2, 6]
381: [5719, 4, 18, 10, 16, 8, 19, 1, 5, 11, 12, 15, 7, 17, 3, 9, 13, 0, 2, 6]
382: [4872, 4, 18, 10, 16, 8, 19, 1, 5, 11, 12, 15, 7, 17, 3, 9, 13, 0, 2, 6]
383: [4555, 4, 18, 10, 16, 8, 19, 1, 5, 11, 12, 15, 7, 17, 3, 9, 13, 0, 2, 6]
384: [1691, 4, 18, 10, 16, 8, 19, 1, 5, 11, 12, 15, 7, 17, 3, 9, 13, 0, 2, 6]
385: [5727, 4, 18, 10, 16, 8, 19, 1, 5, 11, 12, 15, 7, 17, 3, 9, 13, 0, 2, 6]
386: [2732, 4, 18, 10, 16, 8, 19, 1, 5, 11, 12, 15, 7, 17, 3, 9, 13, 0, 2, 6]
387: [4603, 4, 18, 10, 16, 8, 19, 1, 5, 11, 12, 15, 7, 17, 3, 9, 13, 0, 2, 6]
388: [3247, 4, 18, 10, 16, 8, 19, 1, 5, 11, 12, 15, 7, 17, 3, 9, 13, 0, 2, 6]
389: [1486, 4, 18, 10, 16, 8, 19, 1, 5, 11, 12, 15, 7, 17, 3, 9, 13, 0, 2, 6]
390: [2550, 4, 18, 10, 16, 8, 19, 1, 5, 11, 12, 15, 7, 17, 3, 9, 13, 0, 2, 6]
391: [5691, 4, 18, 10, 16, 8, 19, 1, 5, 11, 12, 15, 7, 17, 3, 9, 13, 0, 2, 6]
392: [5214, 4, 18, 10, 16, 8, 19, 1, 5, 11, 12, 15, 7, 17, 3, 9, 13, 0, 2, 6]
393: [2732, 4, 18, 10, 16, 8, 19, 1, 5, 11, 12, 15, 7, 17, 3, 9, 13, 0, 2, 6]
394: [1496, 4, 18, 10, 16, 8, 19, 1, 5, 11, 12, 15, 7, 17, 3, 9, 13, 0, 2, 6]
395: [2730, 4, 18, 10, 16, 8, 19, 1, 5, 11, 12, 15, 7, 17, 3, 9, 13, 0, 2, 6]
396: [722, 4, 18, 10, 16, 8, 19, 1, 5, 11, 12, 15, 7, 17, 3, 9, 13, 0, 2, 6]
397: [3633, 4, 18, 10, 16, 8, 19, 1, 5, 11, 12, 15, 7, 17, 3, 9, 13, 0, 2, 6]
398: [4441, 4, 18, 10, 16, 8, 19, 1, 5, 11, 12, 15, 7, 17, 3, 9, 13, 0, 2, 6]
399: [5421, 4, 18, 10, 16, 8, 19, 1, 5, 11, 12, 15, 7, 17, 3, 9, 13, 0, 2, 6]
400: [2628, 4, 18, 10, 16, 8, 19, 1, 5, 11, 12, 15, 7, 17, 3, 9, 13, 0, 2, 6]
401: [3023, 4, 18, 10, 16, 8, 19, 1, 5, 11, 12, 15, 7, 17, 3, 9, 13, 0, 2, 6]
402: [3323, 4, 18, 10, 16, 8, 19, 1, 5, 11, 12, 15, 7, 17, 3, 9, 13, 0, 2, 6]
403: [1348, 4, 18, 10, 16, 8, 19, 1, 5, 11, 12, 15, 7, 17, 3, 9, 13, 0, 2, 6]
404: [5208, 4, 18, 10, 16, 8, 19, 1, 5, 11, 12, 15, 7, 17, 3, 9, 13, 0, 2, 6]
405: [5421, 4, 18, 10, 16, 8, 19, 1, 5, 11, 12, 15, 7, 17, 3, 9, 13, 0, 2, 6]
406: [3313, 4, 18, 10, 16, 8, 19, 1, 5, 11, 12, 15, 7, 17, 3, 9, 13, 0, 2, 6]
407: [3601, 4, 18, 10, 16, 8, 19, 1, 5, 11, 12, 15, 7, 17, 3, 9, 13, 0, 2, 6]
408: [1807, 4, 18, 10, 16, 8, 19, 1, 5, 11, 12, 15, 7, 17, 3, 9, 13, 0, 2, 6]
409: [2107, 4, 18, 10, 16, 8, 19, 1, 5, 11, 12, 15, 7, 17, 3, 9, 13, 0, 2, 6]
410: [5419, 4, 18, 10, 16, 8, 19, 1, 5, 11, 12, 15, 7, 17, 3, 9, 13, 0, 2, 6]
411: [1458, 4, 18, 10, 16, 8, 19, 1, 5, 11, 12, 15, 7, 17, 3, 9, 13, 0, 2, 6]
412: [1097, 4, 18, 10, 16, 8, 19, 1, 5, 11, 12, 15, 7, 17, 3, 9, 13, 0, 2, 6]
413: [3448, 4, 18, 10, 16, 8, 19, 1, 5, 11, 12, 15, 7, 17, 3, 9, 13, 0, 2, 6]
414: [4053, 4, 18, 10, 16, 8, 19, 1, 5, 11, 12, 15, 7, 17, 3, 9, 13, 0, 2, 6]
415: [2698, 4, 18, 10, 16, 8, 19, 1, 5, 11, 12, 15, 7, 17, 3, 9, 13, 0, 2, 6]
416: [2632, 4, 18, 10, 16, 8, 19, 1, 5, 11, 12, 15, 7, 17, 3, 9, 13, 0, 2, 6]
417: [3510, 4, 18, 10, 16, 8, 19, 1, 5, 11, 12, 15, 7, 17, 3, 9, 13, 0, 2, 6]
418: [1893, 4, 18, 10, 16, 8, 19, 1, 5, 11, 12, 15, 7, 17, 3, 9, 13, 0, 2, 6]
419: [1782, 4, 18, 10, 16, 8, 19, 1, 5, 11, 12, 15, 7, 17, 3, 9, 13, 0, 2, 6]
420: [1534, 4, 18, 10, 16, 8, 19, 1, 5, 11, 12, 15, 7, 17, 3, 9, 13, 0, 2, 6]
421: [2871, 4, 18, 10, 16, 8, 19, 1, 5, 11, 12, 15, 7, 17, 3, 9, 13, 0, 2, 6]
422: [3930, 4, 18, 10, 16, 8, 19, 1, 5, 11, 12, 15, 7, 17, 3, 9, 13, 0, 2, 6]
423: [3479, 4, 18, 10, 16, 8, 19, 1, 5, 11, 12, 15, 7, 17, 3, 9, 13, 0, 2, 6]
424: [4236, 4, 18, 10, 16, 8, 19, 1, 5, 11, 12, 15, 7, 17, 3, 9, 13, 0, 2, 6]
425: [4576, 4, 18, 10, 16, 8, 19, 1, 5, 11, 12, 15, 7, 17, 3, 9, 13, 0, 2, 6]
426: [2250, 4, 18, 10, 16, 8, 19, 1, 5, 11, 12, 15, 7, 17, 3, 9, 13, 0, 2, 6]
427: [2453, 4, 18, 10, 16, 8, 19, 1, 5, 11, 12, 15, 7, 17, 3, 9, 13, 0, 2, 6]
428: [3504, 4, 18, 10, 16, 8, 19, 1, 5, 11, 12, 15, 7, 17, 3, 9, 13, 0, 2, 6]
429: [4543, 4, 18, 10, 16, 8, 19, 1, 5, 11, 12, 15, 7, 17, 3, 9, 13, 0, 2, 6]
430: [2631, 4, 18, 10, 16, 8, 19, 1, 5, 11, 12, 15, 7, 17, 3, 9, 13, 0, 2, 6]
431: [4972, 4, 18, 10, 16, 8, 19, 1, 5, 11, 12, 15, 7, 17, 3, 9, 13, 0, 2, 6]
432: [2957, 4, 18, 10, 16, 8, 19, 1, 5, 11, 12, 15, 7, 17, 3, 9, 13, 0, 2, 6]
433: [2591, 4, 18, 10, 16, 8, 19, 1, 5, 11, 12, 15, 7, 17, 3, 9, 13, 0, 2, 6]
434: [3448, 4, 18, 10, 16, 8, 19, 1, 5, 11, 12, 15, 7, 17, 3, 9, 13, 0, 2, 6]
435: [2593, 4, 18, 10, 16, 8, 19, 1, 5, 11, 12, 15, 7, 17, 3, 9, 13, 0, 2, 6]
436: [3759, 4, 18, 10, 16, 8, 19, 1, 5, 11, 12, 15, 7, 17, 3, 9, 13, 0, 2, 6]
437: [5208, 4, 18, 10, 16, 8, 19, 1, 5, 11, 12, 15, 7, 17, 3, 9, 13, 0, 2, 6]
438: [3620, 4, 18, 10, 16, 8, 19, 1, 5, 11, 12, 15, 7, 17, 3, 9, 13, 0, 2, 6]
439: [4869, 4, 18, 10, 16, 8, 19, 1, 5, 11, 12, 15, 7, 17, 3, 9, 13, 0, 2, 6]
440: [2888, 4, 18, 10, 16, 8, 19, 1, 5, 11, 12, 15, 7, 17, 3, 9, 13, 0, 2, 6]
441: [4355, 4, 18, 10, 16, 8, 19, 1, 5, 11, 12, 15, 7, 17, 3, 9, 13, 0, 2, 6]
442: [3584, 4, 18, 10, 16, 8, 19, 1, 5, 11, 12, 15, 7, 17, 3, 9, 13, 0, 2, 6]
443: [4665, 4, 18, 10, 16, 8, 19, 1, 5, 11, 12, 15, 7, 17, 3, 9, 13, 0, 2, 6]
444: [2824, 4, 18, 10, 16, 8, 19, 1, 5, 11, 12, 15, 7, 17, 3, 9, 13, 0, 2, 6]
445: [672, 4, 18, 10, 16, 8, 19, 1, 5, 11, 12, 15, 7, 17, 3, 9, 13, 0, 2, 6]
446: [4589, 4, 18, 10, 16, 8, 19, 1, 5, 11, 12, 15, 7, 17, 3, 9, 13, 0, 2, 6]
447: [5233, 4, 18, 10, 16, 8, 19, 1, 5, 11, 12, 15, 7, 17, 3, 9, 13, 0, 2, 6]
448: [5468, 4, 18, 10, 16, 8, 19, 1, 5, 11, 12, 15, 7, 17, 3, 9, 13, 0, 2, 6]
449: [4007, 4, 18, 10, 16, 8, 19, 1, 5, 11, 12, 15, 7, 17, 3, 9, 13, 0, 2, 6]
450: [5187, 4, 18, 10, 16, 8, 19, 1, 5, 11, 12, 15, 7, 17, 3, 9, 13, 0, 2, 6]
451: [1550, 4, 18, 10, 16, 8, 19, 1, 5, 11, 12, 15, 7, 17, 3, 9, 13, 0, 2, 6]
452: [4972, 4, 18, 10, 16, 8, 19, 1, 5, 11, 12, 15, 7, 17, 3, 9, 13, 0, 2, 6]
453: [3303, 4, 18, 10, 16, 8, 19, 1, 5, 11, 12, 15, 7, 17, 3, 9, 13, 0, 2, 6]
454: [4985, 4, 18, 10, 16, 8, 19, 1, 5, 11, 12, 15, 7, 17, 3, 9, 13, 0, 2, 6]
455: [1640, 4, 18, 10, 16, 8, 19, 1, 5, 11, 12, 15, 7, 17, 3, 9, 13, 0, 2, 6]
456: [5307, 4, 18, 10, 16, 8, 19, 1, 5, 11, 12, 15, 7, 17, 3, 9, 13, 0, 2, 6]
457: [4949, 4, 18, 10, 16, 8, 19, 1, 5, 11, 12, 15, 7, 17, 3, 9, 13, 0, 2, 6]
458: [4320, 4, 18, 10, 16, 8, 19, 1, 5, 11, 12, 15, 7, 17, 3, 9, 13, 0, 2, 6]
459: [5803, 4, 18, 10, 16, 8, 19, 1, 5, 11, 12, 15, 7, 17, 3, 9, 13, 0, 2, 6]
460: [4606, 4, 18, 10, 16, 8, 19, 1, 5, 11, 12, 15, 7, 17, 3, 9, 13, 0, 2, 6]
461: [5297, 4, 18, 10, 16, 8, 19, 1, 5, 11, 12, 15, 7, 17, 3, 9, 13, 0, 2, 6]
462: [3347, 4, 18, 10, 16, 8, 19, 1, 5, 11, 12, 15, 7, 17, 3, 9, 13, 0, 2, 6]
463: [4020, 4, 18, 10, 16, 8, 19, 1, 5, 11, 12, 15, 7, 17, 3, 9, 13, 0, 2, 6]
464: [2491, 4, 18, 10, 16, 8, 19, 1, 5, 11, 12, 15, 7, 17, 3, 9, 13, 0, 2, 6]
465: [5285, 4, 18, 10, 16, 8, 19, 1, 5, 11, 12, 15, 7, 17, 3, 9, 13, 0, 2, 6]
466: [4034, 4, 18, 10, 16, 8, 19, 1, 5, 11, 12, 15, 7, 17, 3, 9, 13, 0, 2, 6]
467: [1459, 4, 18, 10, 16, 8, 19, 1, 5, 11, 12, 15, 7, 17, 3, 9, 13, 0, 2, 6]
468: [2753, 4, 18, 10, 16, 8, 19, 1, 5, 11, 12, 15, 7, 17, 3, 9, 13, 0, 2, 6]
469: [5514, 4, 18, 10, 16, 8, 19, 1, 5, 11, 12, 15, 7, 17, 3, 9, 13, 0, 2, 6]
470: [2591, 4, 18, 10, 16, 8, 19, 1, 5, 11, 12, 15, 7, 17, 3, 9, 13, 0, 2, 6]
471: [3633, 4, 18, 10, 16, 8, 19, 1, 5, 11, 12, 15, 7, 17, 3, 9, 13, 0, 2, 6]
472: [5255, 4, 18, 10, 16, 8, 19, 1, 5, 11, 12, 15, 7, 17, 3, 9, 13, 0, 2, 6]
473: [3262, 4, 18, 10, 16, 8, 19, 1, 5, 11, 12, 15, 7, 17, 3, 9, 13, 0, 2, 6]
474: [4441, 4, 18, 10, 16, 8, 19, 1, 5, 11, 12, 15, 7, 17, 3, 9, 13, 0, 2, 6]
475: [4149, 4, 18, 10, 16, 8, 19, 1, 5, 11, 12, 15, 7, 17, 3, 9, 13, 0, 2, 6]
476: [5382, 4, 18, 10, 16, 8, 19, 1, 5, 11, 12, 15, 7, 17, 3, 9, 13, 0, 2, 6]
477: [5050, 4, 18, 10, 16, 8, 19, 1, 5, 11, 12, 15, 7, 17, 3, 9, 13, 0, 2, 6]
478: [2591, 4, 18, 10, 16, 8, 19, 1, 5, 11, 12, 15, 7, 17, 3, 9, 13, 0, 2, 6]
479: [5468, 4, 18, 10, 16, 8, 19, 1, 5, 11, 12, 15, 7, 17, 3, 9, 13, 0, 2, 6]
480: [5468, 4, 18, 10, 16, 8, 19, 1, 5, 11, 12, 15, 7, 17, 3, 9, 13, 0, 2, 6]
481: [5481, 4, 18, 10, 16, 8, 19, 1, 5, 11, 12, 15, 7, 17, 3, 9, 13, 0, 2, 6]
482: [3633, 4, 18, 10, 16, 8, 19, 1, 5, 11, 12, 15, 7, 17, 3, 9, 13, 0, 2, 6]
483: [5640, 4, 18, 10, 16, 8, 19, 1, 5, 11, 12, 15, 7, 17, 3, 9, 13, 0, 2, 6]
484: [4333, 4, 18, 10, 16, 8, 19, 1, 5, 11, 12, 15, 7, 17, 3, 9, 13, 0, 2, 6]
485: [5145, 4, 18, 10, 16, 8, 19, 1, 5, 11, 12, 15, 7, 17, 3, 9, 13, 0, 2, 6]
486: [5416, 4, 18, 10, 16, 8, 19, 1, 5, 11, 12, 15, 7, 17, 3, 9, 13, 0, 2, 6]
487: [5129, 4, 18, 10, 16, 8, 19, 1, 5, 11, 12, 15, 7, 17, 3, 9, 13, 0, 2, 6]
488: [5500, 4, 18, 10, 16, 8, 19, 1, 5, 11, 12, 15, 7, 17, 3, 9, 13, 0, 2, 6]
489: [4764, 4, 18, 10, 16, 8, 19, 1, 5, 11, 12, 15, 7, 17, 3, 9, 13, 0, 2, 6]
490: [1691, 4, 18, 10, 16, 8, 19, 1, 5, 11, 12, 15, 7, 17, 3, 9, 13, 0, 2, 6]
491: [1984, 4, 18, 10, 16, 8, 19, 1, 5, 11, 12, 15, 7, 17, 3, 9, 13, 0, 2, 6]
492: [5290, 4, 18, 10, 16, 8, 19, 1, 5, 11, 12, 15, 7, 17, 3, 9, 13, 0, 2, 6]
493: [5740, 4, 18, 10, 16, 8, 19, 1, 5, 11, 12, 15, 7, 17, 3, 9, 13, 0, 2, 6]
494: [5464, 4, 18, 10, 16, 8, 19, 1, 5, 11, 12, 15, 7, 17, 3, 9, 13, 0, 2, 6]
495: [1296, 4, 18, 10, 16, 8, 19, 1, 5, 11, 12, 15, 7, 17, 3, 9, 13, 0, 2, 6]
496: [5375, 4, 18, 10, 16, 8, 19, 1, 5, 11, 12, 15, 7, 17, 3, 9, 13, 0, 2, 6]
497: [5608, 4, 18, 10, 16, 8, 19, 1, 5, 11, 12, 15, 7, 17, 3, 9, 13, 0, 2, 6]
498: [1114, 4, 18, 10, 16, 8, 19, 1, 5, 11, 12, 15, 7, 17, 3, 9, 13, 0, 2, 6]
499: [3261, 4, 18, 10, 16, 8, 19, 1, 5, 11, 12, 15, 7, 17, 3, 9, 13, 0, 2, 6]
500: [2732, 4, 18, 10, 16, 8, 19, 1, 5, 11, 12, 15, 7, 17, 3, 9, 13, 0, 2, 6]
501: [4191, 4, 18, 10, 16, 8, 19, 1, 5, 11, 12, 15, 7, 17, 3, 9, 13, 0, 2, 6]
502: [3261, 4, 18, 10, 16, 8, 19, 1, 5, 11, 12, 15, 7, 17, 3, 9, 13, 0, 2, 6]
503: [3749, 4, 18, 10, 16, 8, 19, 1, 5, 11, 12, 15, 7, 17, 3, 9, 13, 0, 2, 6]
504: [2141, 4, 18, 10, 16, 8, 19, 1, 5, 11, 12, 15, 7, 17, 3, 9, 13, 0, 2, 6]
505: [5523, 4, 18, 10, 16, 8, 19, 1, 5, 11, 12, 15, 7, 17, 3, 9, 13, 0, 2, 6]
506: [5216, 4, 18, 10, 16, 8, 19, 1, 5, 11, 12, 15, 7, 17, 3, 9, 13, 0, 2, 6]
507: [5304, 4, 18, 10, 16, 8, 19, 1, 5, 11, 12, 15, 7, 17, 3, 9, 13, 0, 2, 6]
508: [3166, 4, 18, 10, 16, 8, 19, 1, 5, 11, 12, 15, 7, 17, 3, 9, 13, 0, 2, 6]
509: [2927, 4, 18, 10, 16, 8, 19, 1, 5, 11, 12, 15, 7, 17, 3, 9, 13, 0, 2, 6]
510: [4941, 4, 18, 10, 16, 8, 19, 1, 5, 11, 12, 15, 7, 17, 3, 9, 13, 0, 2, 6]
511: [3919, 4, 18, 10, 16, 8, 19, 1, 5, 11, 12, 15, 7, 17, 3, 9, 13, 0, 2, 6]
512: [5617, 4, 18, 10, 16, 8, 19, 1, 5, 11, 12, 15, 7, 17, 3, 9, 13, 0, 2, 6]
513: [3456, 4, 18, 10, 16, 8, 19, 1, 5, 11, 12, 15, 7, 17, 3, 9, 13, 0, 2, 6]
514: [5321, 4, 18, 10, 16, 8, 19, 1, 5, 11, 12, 15, 7, 17, 3, 9, 13, 0, 2, 6]
515: [2737, 4, 18, 10, 16, 8, 19, 1, 5, 11, 12, 15, 7, 17, 3, 9, 13, 0, 2, 6]
516: [4441, 4, 18, 10, 16, 8, 19, 1, 5, 11, 12, 15, 7, 17, 3, 9, 13, 0, 2, 6]
517: [4223, 4, 18, 10, 16, 8, 19, 1, 5, 11, 12, 15, 7, 17, 3, 9, 13, 0, 2, 6]
518: [5022, 4, 18, 10, 16, 8, 19, 1, 5, 11, 12, 15, 7, 17, 3, 9, 13, 0, 2, 6]
519: [5615, 4, 18, 10, 16, 8, 19, 1, 5, 11, 12, 15, 7, 17, 3, 9, 13, 0, 2, 6]
520: [1566, 4, 18, 10, 16, 8, 19, 1, 5, 11, 12, 15, 7, 17, 3, 9, 13, 0, 2, 6]
521: [3810, 4, 18, 10, 16, 8, 19, 1, 5, 11, 12, 15, 7, 17, 3, 9, 13, 0, 2, 6]
522: [4441, 4, 18, 10, 16, 8, 19, 1, 5, 11, 12, 15, 7, 17, 3, 9, 13, 0, 2, 6]
523: [3023, 4, 18, 10, 16, 8, 19, 1, 5, 11, 12, 15, 7, 17, 3, 9, 13, 0, 2, 6]
524: [5501, 4, 18, 10, 16, 8, 19, 1, 5, 11, 12, 15, 7, 17, 3, 9, 13, 0, 2, 6]
525: [5375, 4, 18, 10, 16, 8, 19, 1, 5, 11, 12, 15, 7, 17, 3, 9, 13, 0, 2, 6]
526: [682, 4, 18, 10, 16, 8, 19, 1, 5, 11, 12, 15, 7, 17, 3, 9, 13, 0, 2, 6]
527: [4812, 4, 18, 10, 16, 8, 19, 1, 5, 11, 12, 15, 7, 17, 3, 9, 13, 0, 2, 6]
528: [2929, 4, 18, 10, 16, 8, 19, 1, 5, 11, 12, 15, 7, 17, 3, 9, 13, 0, 2, 6]
529: [4846, 4, 18, 10, 16, 8, 19, 1, 5, 11, 12, 15, 7, 17, 3, 9, 13, 0, 2, 6]
530: [4606, 4, 18, 10, 16, 8, 19, 1, 5, 11, 12, 15, 7, 17, 3, 9, 13, 0, 2, 6]
531: [5108, 4, 18, 10, 16, 8, 19, 1, 5, 11, 12, 15, 7, 17, 3, 9, 13, 0, 2, 6]
532: [3598, 4, 18, 10, 16, 8, 19, 1, 5, 11, 12, 15, 7, 17, 3, 9, 13, 0, 2, 6]
533: [3223, 4, 18, 10, 16, 8, 19, 1, 5, 11, 12, 15, 7, 17, 3, 9, 13, 0, 2, 6]
534: [5110, 4, 18, 10, 16, 8, 19, 1, 5, 11, 12, 15, 7, 17, 3, 9, 13, 0, 2, 6]
535: [5371, 4, 18, 10, 16, 8, 19, 1, 5, 11, 12, 15, 7, 17, 3, 9, 13, 0, 2, 6]
536: [2870, 4, 18, 10, 16, 8, 19, 1, 5, 11, 12, 15, 7, 17, 3, 9, 13, 0, 2, 6]
537: [4031, 4, 18, 10, 16, 8, 19, 1, 5, 11, 12, 15, 7, 17, 3, 9, 13, 0, 2, 6]
538: [3858, 4, 18, 10, 16, 8, 19, 1, 5, 11, 12, 15, 7, 17, 3, 9, 13, 0, 2, 6]
539: [4389, 4, 18, 10, 16, 8, 19, 1, 5, 11, 12, 15, 7, 17, 3, 9, 13, 0, 2, 6]
540: [5167, 4, 18, 10, 16, 8, 19, 1, 5, 11, 12, 15, 7, 17, 3, 9, 13, 0, 2, 6]
541: [1846, 4, 18, 10, 16, 8, 19, 1, 5, 11, 12, 15, 7, 17, 3, 9, 13, 0, 2, 6]
542: [4856, 4, 18, 10, 16, 8, 19, 1, 5, 11, 12, 15, 7, 17, 3, 9, 13, 0, 2, 6]
543: [3331, 4, 18, 10, 16, 8, 19, 1, 5, 11, 12, 15, 7, 17, 3, 9, 13, 0, 2, 6]
544: [4888, 4, 18, 10, 16, 8, 19, 1, 5, 11, 12, 15, 7, 17, 3, 9, 13, 0, 2, 6]
545: [4764, 4, 18, 10, 16, 8, 19, 1, 5, 11, 12, 15, 7, 17, 3, 9, 13, 0, 2, 6]
546: [1097, 4, 18, 10, 16, 8, 19, 1, 5, 11, 12, 15, 7, 17, 3, 9, 13, 0, 2, 6]
547: [819, 4, 18, 10, 16, 8, 19, 1, 5, 11, 12, 15, 7, 17, 3, 9, 13, 0, 2, 6]
548: [4531, 4, 18, 10, 16, 8, 19, 1, 5, 11, 12, 15, 7, 17, 3, 9, 13, 0, 2, 6]
549: [4496, 4, 18, 10, 16, 8, 19, 1, 5, 11, 12, 15, 7, 17, 3, 9, 13, 0, 2, 6]
550: [5803, 4, 18, 10, 16, 8, 19, 1, 5, 11, 12, 15, 7, 17, 3, 9, 13, 0, 2, 6]
551: [256, 4, 18, 10, 16, 8, 19, 1, 5, 11, 12, 15, 7, 17, 3, 9, 13, 0, 2, 6]
552: [4954, 4, 18, 10, 16, 8, 19, 1, 5, 11, 12, 15, 7, 17, 3, 9, 13, 0, 2, 6]
553: [2529, 4, 18, 10, 16, 8, 19, 1, 5, 11, 12, 15, 7, 17, 3, 9, 13, 0, 2, 6]
554: [4333, 4, 18, 10, 16, 8, 19, 1, 5, 11, 12, 15, 7, 17, 3, 9, 13, 0, 2, 6]
555: [3995, 4, 18, 10, 16, 8, 19, 1, 5, 11, 12, 15, 7, 17, 3, 9, 13, 0, 2, 6]
556: [5493, 4, 18, 10, 16, 8, 19, 1, 5, 11, 12, 15, 7, 17, 3, 9, 13, 0, 2, 6]
557: [5421, 4, 18, 10, 16, 8, 19, 1, 5, 11, 12, 15, 7, 17, 3, 9, 13, 0, 2, 6]
558: [3878, 4, 18, 10, 16, 8, 19, 1, 5, 11, 12, 15, 7, 17, 3, 9, 13, 0, 2, 6]
559: [4968, 4, 18, 10, 16, 8, 19, 1, 5, 11, 12, 15, 7, 17, 3, 9, 13, 0, 2, 6]
560: [3890, 4, 18, 10, 16, 8, 19, 1, 5, 11, 12, 15, 7, 17, 3, 9, 13, 0, 2, 6]
561: [4389, 4, 18, 10, 16, 8, 19, 1, 5, 11, 12, 15, 7, 17, 3, 9, 13, 0, 2, 6]
562: [2732, 4, 18, 10, 16, 8, 19, 1, 5, 11, 12, 15, 7, 17, 3, 9, 13, 0, 2, 6]
563: [4764, 4, 18, 10, 16, 8, 19, 1, 5, 11, 12, 15, 7, 17, 3, 9, 13, 0, 2, 6]
564: [5385, 4, 18, 10, 16, 8, 19, 1, 5, 11, 12, 15, 7, 17, 3, 9, 13, 0, 2, 6]
565: [5506, 4, 18, 10, 16, 8, 19, 1, 5, 11, 12, 15, 7, 17, 3, 9, 13, 0, 2, 6]
566: [4941, 4, 18, 10, 16, 8, 19, 1, 5, 11, 12, 15, 7, 17, 3, 9, 13, 0, 2, 6]
567: [5310, 4, 18, 10, 16, 8, 19, 1, 5, 11, 12, 15, 7, 17, 3, 9, 13, 0, 2, 6]
568: [2591, 4, 18, 10, 16, 8, 19, 1, 5, 11, 12, 15, 7, 17, 3, 9, 13, 0, 2, 6]
569: [5054, 4, 18, 10, 16, 8, 19, 1, 5, 11, 12, 15, 7, 17, 3, 9, 13, 0, 2, 6]
570: [1621, 4, 18, 10, 16, 8, 19, 1, 5, 11, 12, 15, 7, 17, 3, 9, 13, 0, 2, 6]
571: [4314, 4, 18, 10, 16, 8, 19, 1, 5, 11, 12, 15, 7, 17, 3, 9, 13, 0, 2, 6]
572: [5700, 4, 18, 10, 16, 8, 19, 1, 5, 11, 12, 15, 7, 17, 3, 9, 13, 0, 2, 6]
573: [2067, 4, 18, 10, 16, 8, 19, 1, 5, 11, 12, 15, 7, 17, 3, 9, 13, 0, 2, 6]
574: [5592, 4, 18, 10, 16, 8, 19, 1, 5, 11, 12, 15, 7, 17, 3, 9, 13, 0, 2, 6]
575: [3972, 4, 18, 10, 16, 8, 19, 1, 5, 11, 12, 15, 7, 17, 3, 9, 13, 0, 2, 6]
576: [4355, 4, 18, 10, 16, 8, 19, 1, 5, 11, 12, 15, 7, 17, 3, 9, 13, 0, 2, 6]
577: [1206, 4, 18, 10, 16, 8, 19, 1, 5, 11, 12, 15, 7, 17, 3, 9, 13, 0, 2, 6]
578: [744, 4, 18, 10, 16, 8, 19, 1, 5, 11, 12, 15, 7, 17, 3, 9, 13, 0, 2, 6]
579: [4487, 4, 18, 10, 16, 8, 19, 1, 5, 11, 12, 15, 7, 17, 3, 9, 13, 0, 2, 6]
580: [2371, 4, 18, 10, 16, 8, 19, 1, 5, 11, 12, 15, 7, 17, 3, 9, 13, 0, 2, 6]
581: [3247, 4, 18, 10, 16, 8, 19, 1, 5, 11, 12, 15, 7, 17, 3, 9, 13, 0, 2, 6]
582: [4369, 4, 18, 10, 16, 8, 19, 1, 5, 11, 12, 15, 7, 17, 3, 9, 13, 0, 2, 6]
583: [4049, 4, 18, 10, 16, 8, 19, 1, 5, 11, 12, 15, 7, 17, 3, 9, 13, 0, 2, 6]
584: [1719, 4, 18, 10, 16, 8, 19, 1, 5, 11, 12, 15, 7, 17, 3, 9, 13, 0, 2, 6]
585: [2686, 4, 18, 10, 16, 8, 19, 1, 5, 11, 12, 15, 7, 17, 3, 9, 13, 0, 2, 6]
586: [3323, 4, 18, 10, 16, 8, 19, 1, 5, 11, 12, 15, 7, 17, 3, 9, 13, 0, 2, 6]
587: [5443, 4, 18, 10, 16, 8, 19, 1, 5, 11, 12, 15, 7, 17, 3, 9, 13, 0, 2, 6]
588: [5803, 4, 18, 10, 16, 8, 19, 1, 5, 11, 12, 15, 7, 17, 3, 9, 13, 0, 2, 6]
589: [2122, 4, 18, 10, 16, 8, 19, 1, 5, 11, 12, 15, 7, 17, 3, 9, 13, 0, 2, 6]
590: [4053, 4, 18, 10, 16, 8, 19, 1, 5, 11, 12, 15, 7, 17, 3, 9, 13, 0, 2, 6]
591: [2620, 4, 18, 10, 16, 8, 19, 1, 5, 11, 12, 15, 7, 17, 3, 9, 13, 0, 2, 6]
592: [1743, 4, 18, 10, 16, 8, 19, 1, 5, 11, 12, 15, 7, 17, 3, 9, 13, 0, 2, 6]
593: [3936, 4, 18, 10, 16, 8, 19, 1, 5, 11, 12, 15, 7, 17, 3, 9, 13, 0, 2, 6]
594: [5795, 4, 18, 10, 16, 8, 19, 1, 5, 11, 12, 15, 7, 17, 3, 9, 13, 0, 2, 6]
595: [1856, 4, 18, 10, 16, 8, 19, 1, 5, 11, 12, 15, 7, 17, 3, 9, 13, 0, 2, 6]
596: [1288, 4, 18, 10, 16, 8, 19, 1, 5, 11, 12, 15, 7, 17, 3, 9, 13, 0, 2, 6]
597: [5595, 4, 18, 10, 16, 8, 19, 1, 5, 11, 12, 15, 7, 17, 3, 9, 13, 0, 2, 6]
598: [4514, 4, 18, 10, 16, 8, 19, 1, 5, 11, 12, 15, 7, 17, 3, 9, 13, 0, 2, 6]
599: [2421, 4, 18, 10, 16, 8, 19, 1, 5, 11, 12, 15, 7, 17, 3, 9, 13, 0, 2, 6]
600: [3448, 4, 18, 10, 16, 8, 19, 1, 5, 11, 12, 15, 7, 17, 3, 9, 13, 0, 2, 6]
601: [4389, 4, 18, 10, 16, 8, 19, 1, 5, 11, 12, 15, 7, 17, 3, 9, 13, 0, 2, 6]
602: [4389, 4, 18, 10, 16, 8, 19, 1, 5, 11, 12, 15, 7, 17, 3, 9, 13, 0, 2, 6]
603: [2644, 4, 18, 10, 16, 8, 19, 1, 5, 11, 12, 15, 7, 17, 3, 9, 13, 0, 2, 6]
604: [5670, 4, 18, 10, 16, 8, 19, 1, 5, 11, 12, 15, 7, 17, 3, 9, 13, 0, 2, 6]
605: [4236, 4, 18, 10, 16, 8, 19, 1, 5, 11, 12, 15, 7, 17, 3, 9, 13, 0, 2, 6]
606: [4927, 4, 18, 10, 16, 8, 19, 1, 5, 11, 12, 15, 7, 17, 3, 9, 13, 0, 2, 6]
607: [4555, 4, 18, 10, 16, 8, 19, 1, 5, 11, 12, 15, 7, 17, 3, 9, 13, 0, 2, 6]
608: [4078, 4, 18, 10, 16, 8, 19, 1, 5, 11, 12, 15, 7, 17, 3, 9, 13, 0, 2, 6]
609: [4547, 4, 18, 10, 16, 8, 19, 1, 5, 11, 12, 15, 7, 17, 3, 9, 13, 0, 2, 6]
610: [3584, 4, 18, 10, 16, 8, 19, 1, 5, 11, 12, 15, 7, 17, 3, 9, 13, 0, 2, 6]
611: [2923, 4, 18, 10, 16, 8, 19, 1, 5, 11, 12, 15, 7, 17, 3, 9, 13, 0, 2, 6]
612: [4297, 4, 18, 10, 16, 8, 19, 1, 5, 11, 12, 15, 7, 17, 3, 9, 13, 0, 2, 6]
613: [5666, 4, 18, 10, 16, 8, 19, 1, 5, 11, 12, 15, 7, 17, 3, 9, 13, 0, 2, 6]
614: [5285, 4, 18, 10, 16, 8, 19, 1, 5, 11, 12, 15, 7, 17, 3, 9, 13, 0, 2, 6]
615: [895, 4, 18, 10, 16, 8, 19, 1, 5, 11, 12, 15, 7, 17, 3, 9, 13, 0, 2, 6]
616: [1459, 4, 18, 10, 16, 8, 19, 1, 5, 11, 12, 15, 7, 17, 3, 9, 13, 0, 2, 6]
617: [3504, 4, 18, 10, 16, 8, 19, 1, 5, 11, 12, 15, 7, 17, 3, 9, 13, 0, 2, 6]
618: [1627, 4, 18, 10, 16, 8, 19, 1, 5, 11, 12, 15, 7, 17, 3, 9, 13, 0, 2, 6]
619: [4070, 4, 18, 10, 16, 8, 19, 1, 5, 11, 12, 15, 7, 17, 3, 9, 13, 0, 2, 6]
620: [2699, 4, 18, 10, 16, 8, 19, 1, 5, 11, 12, 15, 7, 17, 3, 9, 13, 0, 2, 6]
621: [5670, 4, 18, 10, 16, 8, 19, 1, 5, 11, 12, 15, 7, 17, 3, 9, 13, 0, 2, 6]
622: [5084, 4, 18, 10, 16, 8, 19, 1, 5, 11, 12, 15, 7, 17, 3, 9, 13, 0, 2, 6]
623: [4246, 4, 18, 10, 16, 8, 19, 1, 5, 11, 12, 15, 7, 17, 3, 9, 13, 0, 2, 6]
624: [3247, 4, 18, 10, 16, 8, 19, 1, 5, 11, 12, 15, 7, 17, 3, 9, 13, 0, 2, 6]
625: [4333, 4, 18, 10, 16, 8, 19, 1, 5, 11, 12, 15, 7, 17, 3, 9, 13, 0, 2, 6]
626: [510, 4, 18, 10, 16, 8, 19, 1, 5, 11, 12, 15, 7, 17, 3, 9, 13, 0, 2, 6]
627: [4143, 4, 18, 10, 16, 8, 19, 1, 5, 11, 12, 15, 7, 17, 3, 9, 13, 0, 2, 6]
628: [4812, 4, 18, 10, 16, 8, 19, 1, 5, 11, 12, 15, 7, 17, 3, 9, 13, 0, 2, 6]
629: [4530, 4, 18, 10, 16, 8, 19, 1, 5, 11, 12, 15, 7, 17, 3, 9, 13, 0, 2, 6]
630: [5500, 4, 18, 10, 16, 8, 19, 1, 5, 11, 12, 15, 7, 17, 3, 9, 13, 0, 2, 6]
631: [4149, 4, 18, 10, 16, 8, 19, 1, 5, 11, 12, 15, 7, 17, 3, 9, 13, 0, 2, 6]
632: [5385, 4, 18, 10, 16, 8, 19, 1, 5, 11, 12, 15, 7, 17, 3, 9, 13, 0, 2, 6]
633: [1206, 4, 18, 10, 16, 8, 19, 1, 5, 11, 12, 15, 7, 17, 3, 9, 13, 0, 2, 6]
634: [2693, 4, 18, 10, 16, 8, 19, 1, 5, 11, 12, 15, 7, 17, 3, 9, 13, 0, 2, 6]
635: [4070, 4, 18, 10, 16, 8, 19, 1, 5, 11, 12, 15, 7, 17, 3, 9, 13, 0, 2, 6]
636: [5305, 4, 18, 10, 16, 8, 19, 1, 5, 11, 12, 15, 7, 17, 3, 9, 13, 0, 2, 6]
637: [5615, 4, 18, 10, 16, 8, 19, 1, 5, 11, 12, 15, 7, 17, 3, 9, 13, 0, 2, 6]
638: [3936, 4, 18, 10, 16, 8, 19, 1, 5, 11, 12, 15, 7, 17, 3, 9, 13, 0, 2, 6]
639: [5122, 4, 18, 10, 16, 8, 19, 1, 5, 11, 12, 15, 7, 17, 3, 9, 13, 0, 2, 6]
640: [1915, 4, 18, 10, 16, 8, 19, 1, 5, 11, 12, 15, 7, 17, 3, 9, 13, 0, 2, 6]
641: [2421, 4, 18, 10, 16, 8, 19, 1, 5, 11, 12, 15, 7, 17, 3, 9, 13, 0, 2, 6]
642: [4901, 4, 18, 10, 16, 8, 19, 1, 5, 11, 12, 15, 7, 17, 3, 9, 13, 0, 2, 6]
