
=== Cluster Labels ===
0 0 0 0 0 0 0 0 0 1 0 0 0 0 0 0 0 0 0 0 0 0 0 0 0 0 0 0 0 0 0 0 0 1 0 0 0 0 0 0 0 0 0 0 1 0 0 0 0 0 0 0 0 0 0 0 0 0 1 0 0 0 0 0 1 0 0 0 0 0 0 0 0 0 0 0 0 1 0 0 0 0 0 0 0 0 1 1 1 0 0 0 0 0 0 1 1 0 0 0 0 0 0 0 0 0 0 0 0 0 0 0 0 0 0 0 1 1 0 0 0 0 0 0 0 0 0 0 0 0 0 0 0 0 0 0 0 0 0 0 0 0 0 0 0 0 0 0 0 0 0 0 0 0 0 0 0 0 0 0 0 0 0 0 0 0 1 0 0 0 0 0 0 0 0 0 0 0 0 0 0 0 0 0 0 0 0 0 1 0 0 1 1 0 0 0 0 0 0 1 0 0 0 0 0 0 0 0 0 0 1 0 0 0 0 0 0 0 0 0 0 1 0 0 0 0 0 0 0 0 1 0 0 0 0 0 0 0 0 0 0 0 0 0 0 0 0 1 1 0 0 0 0 0 0 0 0 0 0 0 0 0 0 0 0 0 0 0 0 0 0 0 0 1 0 0 0 0 0 0 0 0 0 0 0 0 0 0 0 0 0 0 0 0 0 0 0 0 0 0 0 0 0 0 0 0 0 0 0 0 0 0 0 0 0 0 0 0 0 0 0 0 0 0 0 0 0 0 0 0 0 0 0 0 0 0 0 0 0 0 0 0 0 0 0 1 1 0 0 1 1 0 0 0 0 0 0 0 0 0 0 0 0 0 0 0 0 0 0 0 0 0 0 0 0 0 0 0 0 0 0 0 0 0 0 0 0 0 0 0 0 0 0 0 0 0 0 0 0 0 0 0 0 0 1 0 0 0 1 1 1 1 0 0 1 0 0 0 0 0 0 0 0 0 0 0 0 0 0 0 0 0 0 0 0 0 0 0 0 0 0 0 0 0 0 0 0 0 0 0 0 0 0 0 0 0 0 0 0 0 0 0 0 0 0 0 0 0 0 0 0 0 0 0 0 0 0 0 0 0 0 0 0 0 0 0 0 0 0 0 0 0 0 0 0 0 0 0 0 0 0 0 0 0 1 1 0 0 0 0 0 0 0 0 0 0 0 0 1 1 1 0 0 0 0 1 1 0 0 1 0 0 0 0 0 0 0 0 0 0 0 0 0 0 0 0 0 0 0 0 0 0 0 0 0 0 0 0 0 0 0 0 0 0 0 0 0 0 0 0 0 0 0 0 0 0 0 0 0 0 0 0 0 0 0 0 0 0 0 0 0 0 0 0 0 0 0 1 0 0 0 0 0 1 0 0 0 0 0 0 0 0 0 0 0 0 0 0 0 0 0 0 0 0 0 0 0 0 0 0 0 0 0 0 0 0 0 0 0 0 0 0 0 0 0 0 0 0 0 0 0 0 0 1 0 0 0 0 0 0 0 0 0 0 0 0 0 0 0 0 0 0 0 0 0 0 0 0 0 0 0 0 1 1 0 1 1 0 0 0 0 0 0 0 0 0 0 0 0 0 0 0 0 0 0 0 0 0 0 0 0 1 1 0 0 0 0 0 0 0 0 0 0 1 0 0 0 0 0 0 0 0 1 1 0 0 0 0 0 0 0 0 0 0 0 0 0 0 0 0 0 0 0 0 0 0 0 0 0 0 0 0 0 0 0 0 0 0 0 0 0 0 0 0 0 0 0 0 0 0 0 1 0 0 0 1 0 0 0 0 0 0 0 0 0 0 0 0 0 0 0 1 0 0 0 0 0 0 0 0 0 0 0 0 0 0 0 0 0 0 0 0 0 0 0 1 0 0 0 0 0 0 0 0 0 0 1 0 0 0 0 0 0 0 0 0 0 0 0 0 1 1 0 0 0 0 0 0 0 0 0 0 0 0 0 0 0 0 0 1 0 0 0 0 0 0 0 0 1 1 1 0 0 0 0 0 0 1 1 0 0 0 0 0 0 0 0 0 0 0 0 0 0 0 0 0 0 0 1 1 0 0 0 0 0 0 0 0 0 0 0 0 0 0 0 0 0 0 0 0 0 0 0 0 0 0 0 0 0 0 0 0 0 0 0 0 0 0 0 0 0 0 0 0 0 0 0 0 1 0 0 0 0 0 0 0 0 0 0 0 0 0 0 0 0 0 0 0 0 0 1 0 0 1 1 0 0 0 0 0 0 1 0 0 0 0 0 0 0 0 0 0 1 0 0 0 0 0 0 0 0 0 0 1 0 0 0 0 0 0 0 1 1 0 0 0 0 0 0 0 0 0 0 0 0 0 0 0 0 1 1 0 0 0 0 0 0 0 0 0 0 0 0 0 0 0 0 0 0 0 0 0 0 0 0 0 0 0 0 0 0 0 0 0 0 0 0 0 0 0 0 0 0 0 0 0 0 0 0 0 0 0 0 0 0 0 0 0 0 0 0 0 0 0 0 0 0 0 0 0 0 0 0 0 0 0 0 0 0 0 0 0 0 0 0 0 0 0 0 0 0 0 0 0 0 0 0 1 1 0 0 1 1 0 0 0 0 0 0 0 0 0 0 0 0 0 0 0 0 0 0 0 0 0 0 0 0 0 0 0 0 0 0 0 0 0 0 0 0 0 0 0 0 0 0 1 0 0 0 0 0 0 0 0 0 1 1 0 0 0 1 1 1 1 0 0 1 0 0 0 0 0 0 0 0 0 0 0 0 0 0 0 0 0 0 0 0 0 0 0 0 0 0 0 0 0 0 0 0 0 0 0 0 0 0 0 0 0 0 0 0 0 0 0 0 0 0 0 0 0 0 0 0 0 0 0 0 0 0 0 0 0 0 0 0 0 0 0 0 0 0 0 0 0 0 0 0 0 0 0 0 0 0 0 0 0 1 1 0 0 0 0 0 0 0 0 0 0 0 0 1 0 1 0 0 0 0 1 1 0 0 1 0 0 0 0 0 0 0 0 0 0 0 0 0 0 0 0 0 0 0 0 0 0 0 0 0 0 0 0 0 0 0 0 0 0 0 0 0 0 0 0 0 0 0 0 0 0 0 0 0 0 0 0 0 0 0 0 0 0 0 0 0 0 0 0 0 0 1 1 0 0 0 0 1 1 0 0 0 0 0 0 0 0 0 0 0 0 0 0 0 0 0 0 0 0 0 0 0 0 0 0 0 0 0 0 0 0 0 0 0 0 0 0 0 0 0 0 0 0 0 0 0 0 0 1 0 0 0 0 0 0 0 0 0 0 0 0 0 0 0 0 0 0 0 0 0 0 0 0 0 0 0 0 1 1 0 1 1 0 0 0 0 0 0 0 0 0 0 0 0 0 0 0 0 0 0 0 0 0 0 0 0 0 1 0 0 0 0 0 0 0 0 0 0 0 0 0 0 0 0 0 0 0 1 1 0 0 0 0 0 0 0 0 0 0 0 0 0 0 0 0 0 0 0 0 0 0 0 0 0 0 0 0 0 0 0 0 0 0 0 0 0 0 0 0 0 0 0 0 0 0 0 1 0 0 0 1 1 0 0 0 0 0

=== Evaluation Metrics ===
Adjusted Rand Index (ARI): -0.00016241882337465855
Normalized Mutual Information (NMI): 2.507778978118046e-05
Clustering Accuracy: 0.5012626262626263

=== Significant Features ===
7966: 0.00000000
13481: 0.00000000
46301: 0.00000000
34626: 0.00000000
63657: 0.00000000
54289: 0.00000000
29083: 0.00000000
46211: 0.00000000
33080: 0.00000000
22541: 0.00000000
52669: 0.00000000
44928: 0.00000000
38239: 0.00000000
50987: 0.00000000
54684: 0.00000000
20164: 0.00000000
19784: 0.00000000
44110: 0.00000000
47749: 0.00000000
61638: 0.00000000
45868: 0.00000000
50547: 0.00000000
63962: 0.00000000
51372: 0.00000000
14376: 0.00000000
17717: 0.00000000
55861: 0.00000000
2974: 0.00000000
25238: 0.00000000
2453: 0.00000000
50437: 0.00000000
37118: 0.00000000
11948: 0.00000000
20780: 0.00000000
31038: 0.00000000
53542: 0.00000000
30629: 0.00000000
7394: 0.00000000
8919: 0.00000000
31461: 0.00000000
37077: 0.00000000
34608: 0.00000000
25318: 0.00000000
58661: 0.00000000
6931: 0.00000001
2984: 0.00000005
44042: 0.00000005
55198: 0.00000005
24601: 0.00000007
61025: 0.00000020
17753: 0.00000033
45404: 0.00000033
40701: 0.00000034
35213: 0.00000062
18852: 0.00000071
42458: 0.00000120
48427: 0.00000120
27250: 0.00000120
20238: 0.00000120
10561: 0.00000120
63317: 0.00000398
46710: 0.00001415
37950: 0.00001487
43991: 0.00005772
5960: 0.00006056
27054: 0.00006056
55089: 0.00006056
41673: 0.00006056
17225: 0.00008517
50744: 0.00009504
41700: 0.00011266
35321: 0.00012252
37635: 0.00013933
28422: 0.00020511
23590: 0.00020511
29400: 0.00020511
18724: 0.00020511
19775: 0.00020511
33995: 0.00020511
28076: 0.00020511
37555: 0.00020511
39386: 0.00020511
37968: 0.00020511
42804: 0.00020511
39398: 0.00020511
43535: 0.00020511
43153: 0.00020511
52858: 0.00020511
52750: 0.00020511
59338: 0.00020511
40769: 0.00020511
20597: 0.00020511
23855: 0.00020511
23795: 0.00020511
61387: 0.00020511
57783: 0.00020511
13348: 0.00020511
12141: 0.00020511
6406: 0.00020511
10781: 0.00020511
15120: 0.00020511
15815: 0.00020511
14680: 0.00020511
14771: 0.00020511
33784: 0.00020511
32645: 0.00020511
34980: 0.00020511
4398: 0.00020511
3495: 0.00020511
38586: 0.00020785
20741: 0.00020785
6457: 0.00022482
18019: 0.00023184
17258: 0.00034294
39394: 0.00048707
27954: 0.00059565
31787: 0.00065301
440: 0.00082882
26508: 0.00098612
5411: 0.00101008
26077: 0.00106312
56494: 0.00106312
55034: 0.00106312
26381: 0.00136003
22678: 0.00157451
22235: 0.00173913
42284: 0.00199121
59839: 0.00202153
46491: 0.00205517
45270: 0.00244914
52157: 0.00279628
52242: 0.00328015
27241: 0.00343431
60711: 0.00352187
45701: 0.00381102
1126: 0.00408682
15149: 0.00408682
21720: 0.00408682
20721: 0.00408682
2385: 0.00408682
12618: 0.00408682
12648: 0.00408682
60570: 0.00408682
21001: 0.00489122
64534: 0.00502853
14981: 0.00563359
15430: 0.00571994
6643: 0.00571994
11763: 0.00720717
13512: 0.00733570
9564: 0.00768815
16095: 0.00779347
48984: 0.00846194
43827: 0.00962589
51722: 0.01023293
16503: 0.01226794
50752: 0.01320228
28383: 0.01332295
7173: 0.01349228
19122: 0.01413542
26852: 0.01464329
17035: 0.01519706
704: 0.01589761
60267: 0.01695912
13398: 0.01713637
47310: 0.01717830
23118: 0.01717830
16504: 0.01768547
48169: 0.01887148
47942: 0.01887148
38334: 0.01887148
39740: 0.01887148
9531: 0.01887148
2660: 0.01887148
46261: 0.01887148
59420: 0.01887148
11696: 0.01887148
29545: 0.01887148
26694: 0.01887148
34552: 0.01887148
4626: 0.01887148
28956: 0.02077637
9633: 0.02157935
48022: 0.02204023
1127: 0.02240854
21637: 0.02275944
30046: 0.02323097
44097: 0.02403199
7887: 0.02624844
26076: 0.02672013
57532: 0.02876912
61929: 0.03004564
29415: 0.03043739
47899: 0.03171415
16888: 0.03182062
23098: 0.03363109
50234: 0.03494278
3524: 0.03507254
23847: 0.03507254
25127: 0.03564037
44755: 0.03658743
18183: 0.03682269
8192: 0.03830152
7931: 0.03977918
11036: 0.04262352
37722: 0.04262352
10141: 0.04421736
13143: 0.04549848
40219: 0.04549848
15831: 0.04571635
8190: 0.04699930
58229: 0.04699930
10056: 0.04814383
1574: 0.04814383
50464: 0.04814383
56107: 0.04814383
